-83 194 -34 256
-33 -292 198 -216
60 268 78 308
-289 127 -52 177
234 40 466 50
-50 -57 48 83
240 178 377 342
-90 79 -78 144
-245 -7 -6 266
-284 -163 -136 65
-18 38 100 102
275 285 476 583
-16 107 27 300
203 -224 328 -196
-254 -96 -104 44
75 -108 124 161
18 -287 222 -140
157 -197 451 -84
257 186 400 212
-38 120 9 166
-177 -118 88 22
86 101 233 111
-239 -142 -106 123
-153 -293 6 -75
-133 -179 -17 35
-152 -244 -110 -70
-259 209 -67 341
254 -159 503 90
-297 -62 -183 -35
-111 188 -93 253
220 -117 358 -113
-46 -135 171 -24
-148 133 -61 238
151 270 289 564
-48 183 -14 375
-29 298 130 492
-171 235 -114 382
-100 -234 147 -95
121 179 193 267
272 53 533 241
-178 239 -105 469
-247 -97 -158 95
17 134 23 189
89 -15 386 258
68 -218 339 -85
-47 -132 -41 132
273 195 403 332
-282 191 -223 396
228 174 434 276
-280 -215 -99 42
119 215 143 373
-231 -60 -86 146
-31 216 173 467
-238 288 -184 515
125 265 420 398
-186 -294 0 -269
-169 -119 32 148
169 41 353 114
-181 122 -79 140
-10 -40 37 221
-185 64 -161 126
286 153 314 390
-19 295 154 404
-256 -208 -249 -130
-198 -176 -191 -125
-116 13 57 244
-20 181 199 460
-167 29 -66 85
-219 185 -150 331
-82 223 74 399
282 -175 389 -43
-236 277 -64 521
-112 -44 -23 109
-27 -21 150 -12
-39 105 255 310
200 -1 369 36
278 290 519 542
93 -204 149 -121
251 -76 425 62
-127 117 30 384
-80 -272 76 -3
-261 -260 -172 -154
-264 -129 -143 56
-212 129 -207 162
28 292 280 464
10 -270 118 -240
142 249 388 477
-271 46 -68 247
-209 1 -202 72
145 284 428 304
-126 -217 128 -8
168 -273 205 -49
-277 8 -265 80
-278 -246 -252 33
-251 -115 -128 -28
261 -124 402 -59
-162 175 99 421
58 21 164 97
20 -91 136 -81
-210 -237 -30 61
87 232 330 491
279 -156 537 -98
250 -107 363 137
297 49 424 329
73 31 103 302
94 25 242 55
-227 246 -25 499
-122 -267 172 -180
-58 243 201 343
163 59 213 334
-32 7 3 211
34 -205 283 -201
92 -55 192 -36
11 -232 19 -4
-233 115 16 190
-92 -102 -53 156
-220 -174 5 26
-253 108 -149 167
214 138 482 414
-298 4 -101 196
263 260 338 544
-146 96 45 395
158 -187 409 -63
296 -139 555 131
159 -71 274 104
-137 -296 -89 -222
113 -300 227 -276
-170 116 63 197
226 -155 408 -147
-144 -13 152 66
229 210 447 347
110 -290 141 -77
71 281 219 303
-166 -228 -94 -87
-151 -213 -72 -74
139 293 418 299
-295 -131 -65 77
-54 51 165 231
112 271 170 379
24 -56 47 98
-26 -188 -22 81
135 -69 412 12
-182 -88 14 -5
-226 -173 -9 -134
-257 -275 -109 -103
-189 54 -73 317
-229 -291 -123 -51
-157 -194 39 -168
-200 -281 -45 -225
180 206 392 371
176 224 349 459
15 -145 305 -138
236 -199 508 -2
-258 52 -141 318
237 -165 500 106
182 70 187 319
-190 -160 82 69
-263 -11 -248 225
245 -192 287 -120
230 207 359 486
-42 -288 252 -262
-203 -285 -195 -235
-286 202 -255 437
-164 160 67 184
-299 294 -206 574
-250 -266 -193 -221
2 -211 218 43
262 264 442 523
291 208 340 365
91 -242 322 -241
84 217 204 259
-279 269 -274 461
-283 248 -37 487
155 -268 430 -214
