-1160 -1185 -660 -70
-9050 -1070 -4100 175
-560 -985 -130 435
-2600 -900 -100 615 
10 -7900 330 8400
255 -650 595 1005
480 -575 835 1160
740 -665 995 1050
905 -995 1135 790
1060 -1175 1225 675
4000 -1180 8100 -820
-1150 560 -370 1150
-68 -66 -67 -65
-64 -62 -63 -61
-60 -58 -59 -57
-56 -54 -55 -53
-52 -50 -51 -49
-48 -46 -47 -45
-44 -42 -43 -41
-40 -38 -39 -37
-36 -34 -35 -33
-32 -30 -31 -29
-28 -26 -27 -25
-24 -22 -23 -21
-20 -18 -19 -17
-16 -14 -15 -13
-12 -10 -11 -9
-8 -6 -7 -5
-4 -2 -3 -1
0 2 1 3
4 6 5 7
8 12 9 13
14 16 15 17
18 20 19 21
22 24 23 25
26 28 27 29
30 32 31 33
34 36 35 37
38 40 39 41
42 44 43 45
46 48 47 49
50 52 51 53
54 56 55 57
58 60 59 61
62 64 63 65
66 68 67 69
