88
118 19
2 95 75
34 107 40 103
63 74 87 47 62
63 111 4 46 118 34
55 39 67 98 37 87 75
102 107 37 59 79 33 53 84
11 118 46 59 4 75 98 37 0
87 77 89 109 38 83 101 38 33 85
74 82 85 60 99 62 52 92 89 14 42
110 2 27 86 53 61 47 90 92 47 1 94
1 97 81 109 97 90 40 71 0 102 74 63 113
38 36 13 95 45 16 109 112 66 19 87 98 54 27
18 7 111 27 26 8 86 116 95 52 56 21 75 15 39
84 111 39 63 17 61 103 20 107 47 20 58 36 106 39 33
85 50 73 66 25 42 97 25 32 97 63 115 99 98 113 46 55
72 4 52 115 70 14 82 56 110 82 111 36 110 77 31 80 73 46
52 113 15 82 10 83 31 113 50 4 48 101 113 7 9 28 70 106 109
21 23 42 37 51 101 75 51 31 119 3 69 53 44 55 27 68 1 34 99
40 44 5 67 16 5 50 84 38 9 103 117 56 87 92 33 69 30 15 87 97
49 67 35 50 13 92 23 32 61 79 21 60 98 12 74 15 111 7 115 91 99 38
117 38 26 74 38 89 22 90 0 11 43 94 92 58 98 68 2 51 72 106 40 5 35
14 70 17 37 47 41 92 106 31 34 21 37 102 107 92 59 75 30 62 98 21 111 74 20
48 81 97 1 62 90 47 106 90 55 18 65 61 38 62 85 101 43 44 108 30 38 92 65 7
26 106 116 23 55 82 40 30 90 89 52 108 21 20 96 9 90 7 79 85 0 78 16 84 86 99
113 98 55 48 50 71 7 3 25 75 55 6 104 15 79 51 55 66 103 101 16 104 16 16 36 78 35
62 35 84 53 117 103 50 14 18 109 109 23 65 34 109 29 49 52 43 7 119 23 100 67 92 61 3 93
28 10 35 103 93 57 62 6 89 104 62 73 99 75 114 28 88 97 61 93 35 38 92 27 106 101 83 23 59
52 17 17 104 16 47 56 8 18 44 66 27 7 49 38 11 99 30 95 6 108 9 59 100 86 71 3 86 34 44
106 88 86 101 94 80 7 104 76 14 40 83 56 12 100 8 50 48 89 110 36 109 32 107 104 4 56 31 45 16 63
12 81 118 119 29 13 21 95 39 23 63 117 4 54 83 42 102 8 32 85 101 26 59 33 10 38 74 77 91 56 98 86
28 59 97 109 34 72 83 96 107 42 52 65 34 96 113 51 119 111 67 106 49 1 19 64 99 63 18 86 101 87 86 22 7
99 92 80 48 43 2 47 96 104 80 10 35 90 89 13 41 1 53 52 28 31 82 82 12 5 7 52 78 93 42 38 68 65 51
69 6 33 19 81 65 51 54 113 70 74 103 11 0 12 85 53 68 79 47 84 81 70 117 38 110 52 37 119 75 97 110 88 55 18
93 100 55 57 73 15 101 74 23 5 106 60 62 109 4 107 2 44 96 33 100 16 5 109 34 69 60 65 29 10 66 24 64 30 87 38
25 11 41 106 19 93 43 76 91 74 70 48 33 96 61 113 51 90 118 64 52 36 39 103 19 93 93 70 94 7 56 25 72 30 103 35 17
92 36 19 56 38 119 11 18 119 63 103 66 2 39 47 68 90 110 25 100 4 14 96 87 50 88 15 32 114 21 116 28 116 0 36 55 12 71
79 19 80 102 65 31 6 30 54 94 63 33 25 54 20 81 11 10 15 81 69 81 25 69 107 114 106 7 84 20 31 20 100 57 57 83 48 5 88
29 49 6 104 88 38 115 106 75 85 62 33 111 45 75 77 66 79 98 113 100 85 59 106 37 19 29 92 53 20 53 61 118 63 34 46 81 99 47 57
54 119 24 89 79 41 52 27 87 58 51 25 64 101 90 52 11 75 50 97 117 4 117 11 65 109 49 64 82 117 115 118 46 7 29 26 80 11 64 62 101
101 19 97 102 87 21 95 25 72 74 38 46 60 97 69 79 35 70 76 79 89 119 72 7 90 79 96 99 113 8 113 100 34 89 36 88 83 13 94 50 82 75
79 52 118 76 16 61 24 30 87 99 63 99 35 19 81 105 13 16 89 81 61 72 56 62 24 61 90 115 119 51 11 15 66 23 17 109 10 28 101 49 113 43 44
75 25 74 88 104 70 97 72 32 69 58 93 81 105 85 51 32 65 49 103 13 40 32 101 117 96 101 48 86 64 75 16 53 65 117 16 42 62 11 28 94 55 64 97
8 52 93 19 114 58 62 28 26 58 29 93 0 102 95 26 67 46 50 98 79 97 52 57 106 82 12 98 20 94 67 65 23 104 6 3 35 0 89 101 6 27 71 34 21
2 99 75 109 17 25 97 95 16 3 77 116 76 109 14 0 99 91 92 92 35 43 15 55 79 92 71 95 22 92 50 65 20 84 44 49 15 53 53 80 105 92 81 45 47 24
7 67 37 87 48 56 104 40 113 10 30 42 21 33 20 80 58 35 116 96 4 62 119 13 48 1 81 63 23 2 5 78 30 55 7 111 105 39 117 38 71 111 53 60 94 45 79
74 78 44 66 98 15 39 28 89 6 39 94 105 106 73 75 98 52 108 54 105 3 57 4 115 80 102 23 117 96 52 112 47 103 107 15 54 77 47 113 97 115 44 33 55 72 1 29
5 109 81 90 51 109 60 74 55 103 104 3 63 76 71 70 95 118 81 37 63 92 17 111 16 77 108 37 87 1 47 28 18 65 108 37 2 30 69 95 44 4 73 112 88 8 28 85 88
