48
42 61
58 12 30
29 10 19 4
15 47 20 51 18
67 40 74 66 45 15
35 32 60 50 8 69 59
34 74 21 12 28 33 51 23
67 34 57 26 23 30 51 73 22
8 40 67 1 21 48 34 22 45 60
40 66 8 6 2 62 13 9 40 28 18
71 13 21 18 53 75 75 48 49 64 60 58
37 77 69 56 53 77 54 30 11 42 33 0 62
26 60 70 73 75 7 41 35 31 30 63 64 17 54
16 70 50 21 9 10 40 69 0 30 36 73 60 21 73
32 11 65 78 67 33 66 28 17 54 4 8 33 56 55 47
38 72 20 5 28 38 42 58 29 10 12 58 50 8 42 3 47
55 13 74 49 55 65 37 39 59 45 11 79 73 49 45 66 73 46
36 23 74 69 63 7 5 77 30 26 72 37 25 45 3 37 13 78 42
