158
72 125
161 33 27
60 193 11 112
159 174 98 101 172
164 19 174 41 163 62
54 2 82 193 103 41 185
41 148 164 9 86 15 78 62
186 132 57 164 183 0 126 196 147
35 13 94 91 168 8 35 141 140 129
179 170 126 123 50 27 115 119 78 136 13
182 178 120 148 65 101 158 36 14 151 120 168
106 0 199 96 154 115 198 69 192 86 194 171 166
92 195 175 132 129 32 162 191 131 182 95 110 26 39
45 87 87 168 72 68 120 185 128 21 110 99 133 53 15
178 90 135 89 173 90 157 144 51 21 138 120 50 54 134 188
82 164 173 25 30 46 138 31 131 63 195 169 49 66 133 148 36
198 50 23 148 196 144 59 17 84 117 112 111 123 171 117 78 155 26
111 178 172 31 50 106 49 87 161 144 102 144 98 164 53 52 159 154 76
172 10 1 19 109 177 113 94 189 17 131 178 35 119 192 57 41 22 133 73
55 186 101 120 146 36 116 128 14 152 179 181 73 137 153 146 103 110 112 72 81
158 152 192 20 139 99 180 124 40 196 38 38 17 108 94 54 59 25 133 63 140 12
85 83 148 148 4 96 50 176 135 134 119 197 45 114 5 89 132 127 4 159 198 152 120
144 10 4 123 52 51 131 96 21 174 20 189 95 179 130 19 21 53 26 25 171 134 97 157
27 65 136 94 67 172 100 158 108 162 47 131 34 183 116 132 52 28 0 161 127 8 27 153 126
41 136 163 148 168 136 165 1 11 147 167 189 145 149 33 94 65 172 134 171 120 183 174 145 187 131
25 5 56 82 172 78 196 118 72 104 75 85 68 138 144 152 103 66 28 13 26 143 33 86 134 138 159
83 141 178 180 179 146 15 127 143 198 54 45 2 41 4 151 18 135 187 15 124 108 54 156 67 52 0 120
197 121 77 108 92 3 177 94 175 176 131 180 102 40 53 138 66 161 105 131 152 79 69 19 114 79 170 95 35
114 61 112 181 89 104 59 105 170 108 141 110 160 125 48 153 42 153 120 143 94 100 68 180 104 59 120 3 27 81
34 126 148 1 36 4 50 179 51 142 102 133 78 48 31 189 31 28 140 57 28 115 152 69 147 138 1 32 97 40 144
184 6 161 199 109 153 2 31 11 188 127 121 7 113 103 160 72 33 68 178 19 111 155 11 189 177 146 73 76 170 12 135
50 144 31 97 59 151 117 153 166 167 119 159 90 102 161 145 81 96 122 115 136 23 65 31 114 129 33 71 180 124 20 138 97
32 27 188 92 160 58 94 0 147 184 157 162 132 130 15 183 62 17 12 82 199 81 75 81 79 75 81 81 34 196 138 57 190 151
166 91 36 130 35 180 29 77 67 135 55 36 16 146 60 122 134 54 86 30 37 142 72 145 197 112 142 130 72 84 94 130 22 135 29
96 28 160 111 68 23 67 45 171 48 83 19 3 169 126 54 159 87 128 116 72 66 2 30 152 154 33 17 122 53 63 70 188 24 175 136
5 48 179 8 46 32 19 146 95 142 190 157 155 12 140 40 120 101 165 121 46 112 172 119 61 75 40 189 50 60 6 16 55 180 141 161 120
140 34 16 155 131 83 116 1 88 85 85 177 171 51 55 5 38 112 12 109 80 19 163 144 117 23 144 38 192 48 57 146 183 103 78 25 92 106
192 139 144 150 54 75 65 100 47 55 44 173 193 71 2 178 30 7 145 6 188 41 110 35 147 103 157 137 185 90 187 110 163 190 107 140 29 120 157
167 112 184 184 47 107 57 139 117 124 22 67 155 31 134 155 134 77 74 193 136 11 53 183 181 143 131 177 185 153 195 107 73 8 182 63 58 160 81 100
121 109 121 102 92 185 149 142 128 35 84 194 179 138 120 106 153 50 110 72 171 113 120 25 24 16 97 24 163 67 150 14 64 149 188 33 63 70 50 194 59
183 20 179 186 20 181 144 7 171 124 147 49 98 111 7 58 34 78 115 101 79 130 57 164 144 100 108 12 173 18 150 26 58 30 167 18 151 125 128 13 193 113
105 184 131 51 168 87 34 110 145 102 29 119 16 118 175 40 79 54 75 74 91 1 138 62 59 114 43 175 93 135 58 159 124 70 11 3 195 191 165 195 39 99 135
68 110 83 21 54 31 95 170 41 183 135 182 167 109 87 126 154 52 49 54 158 129 157 133 103 33 58 148 178 82 71 53 191 80 162 167 84 153 127 59 54 190 45 183
56 113 37 139 14 123 54 117 147 44 144 183 180 95 134 161 156 192 48 70 51 167 53 112 148 166 56 48 151 15 188 63 163 112 179 149 66 84 93 177 49 86 130 155 40
91 51 114 41 166 139 66 88 147 139 116 153 30 125 169 43 30 141 174 190 63 199 72 198 169 117 41 72 61 126 90 0 17 127 19 91 29 90 144 175 51 72 20 33 142 123
183 23 5 51 122 129 174 172 167 195 5 15 70 76 120 41 93 14 14 108 24 49 89 197 155 18 144 175 194 121 39 13 67 167 65 138 17 38 141 66 117 17 32 177 179 4 186
191 88 44 103 169 100 140 39 32 171 152 6 127 176 155 193 3 46 61 197 95 125 189 120 1 141 61 126 94 155 95 39 171 155 89 105 165 52 22 91 180 125 124 80 52 184 0 54
178 162 97 70 24 13 72 145 32 64 164 197 13 86 20 192 145 108 162 68 37 182 36 101 136 141 166 126 76 18 26 18 106 52 171 160 117 129 171 184 37 80 85 181 149 84 75 107 178
16 43 103 99 164 76 196 182 43 38 79 72 40 156 26 47 94 20 115 169 166 127 71 122 175 142 102 154 37 61 37 5 5 128 162 84 9 150 94 3 191 171 172 141 162 171 187 125 9 53
22 42 118 90 46 23 163 93 195 44 41 121 30 159 12 117 16 54 145 79 112 13 49 175 20 43 94 92 4 56 175 192 118 151 170 110 199 173 134 165 173 82 121 96 35 107 76 44 178 84 78
15 196 116 57 76 48 44 54 164 119 173 178 70 69 40 5 72 42 178 125 76 28 146 1 193 159 146 184 36 123 137 50 84 60 151 193 112 147 40 153 102 93 155 155 189 36 114 166 21 167 67 76
108 132 83 180 167 106 143 132 138 128 126 194 43 185 46 120 68 81 129 76 100 74 90 139 183 173 93 137 33 150 149 113 84 168 173 169 4 7 14 73 110 116 52 136 74 36 46 6 55 179 117 93 71
114 72 96 52 87 25 145 93 146 135 157 86 152 185 120 197 42 182 4 136 55 137 174 70 66 122 125 74 28 36 118 96 105 191 153 141 173 26 137 9 76 161 69 6 179 191 11 177 111 50 100 115 182 25
73 197 133 132 18 13 22 161 168 61 127 4 70 9 198 64 164 82 165 82 198 53 57 5 170 147 101 25 67 189 90 99 138 124 108 85 165 65 111 170 53 12 130 109 94 101 155 95 186 88 197 111 63 139 21
26 101 186 68 117 84 195 103 177 54 28 103 106 138 162 99 93 114 64 132 158 197 1 10 85 47 160 122 45 160 137 118 184 140 83 116 154 16 110 66 126 106 172 107 4 108 161 118 9 2 139 116 24 28 48 13
174 51 63 11 28 198 159 37 51 162 164 182 17 63 140 156 119 40 35 3 40 150 17 150 115 104 131 103 52 78 97 153 140 94 190 44 111 78 167 24 32 44 38 169 64 1 193 21 88 75 106 143 141 166 161 139 161
86 20 106 5 9 92 171 36 121 99 147 108 82 57 89 1 74 126 125 56 157 146 97 134 12 183 52 196 147 99 96 196 52 118 159 83 114 29 24 141 79 177 114 145 13 117 156 38 182 69 168 35 36 95 199 185 85 176
95 48 39 103 132 122 30 131 183 83 167 68 86 11 137 65 21 177 111 197 1 48 58 53 8 13 182 16 177 164 157 30 170 152 132 75 31 68 108 11 85 115 3 88 178 18 128 142 168 103 12 165 97 95 177 146 181 121 149
13 198 73 56 160 74 65 14 167 30 106 92 128 82 131 96 89 173 179 187 9 129 159 63 100 32 148 52 134 183 18 15 156 93 197 125 160 75 90 20 188 114 102 41 145 14 89 110 176 82 110 165 46 35 64 30 17 55 79 177
193 31 30 179 175 18 103 40 140 126 18 126 81 168 85 0 39 191 149 85 83 81 160 1 145 33 4 164 149 99 71 86 125 77 180 195 46 152 175 104 94 76 161 197 149 57 93 196 57 113 105 89 96 156 174 142 184 64 101 57 118
129 144 123 6 192 107 9 56 78 115 63 157 90 173 169 0 106 111 110 121 128 52 175 124 142 9 42 143 96 189 176 110 177 117 120 143 39 15 124 143 170 48 123 151 78 15 12 187 43 84 9 186 64 37 101 161 182 72 185 163 52 159
170 154 8 157 6 179 155 123 177 3 123 99 52 108 129 180 181 198 118 15 59 146 94 48 72 191 172 16 58 178 35 81 178 190 127 194 194 55 119 172 182 77 87 116 0 144 185 37 92 80 100 133 161 184 99 138 80 161 52 33 153 50 74
65 127 186 78 35 157 159 19 72 196 141 35 42 79 9 128 49 60 18 12 75 76 154 92 198 24 122 58 172 56 109 66 8 109 148 172 170 74 43 199 122 161 180 48 60 14 9 137 118 117 107 66 52 40 172 26 113 104 161 81 134 199 30 87
18 35 196 177 147 56 106 66 153 56 180 94 22 95 68 31 88 128 186 164 71 40 159 47 12 165 164 119 176 57 91 80 51 153 162 196 12 107 191 69 104 27 21 4 64 82 46 21 11 41 121 53 174 45 102 145 127 47 92 61 15 196 64 64 176
43 136 178 101 95 146 161 80 23 101 175 175 148 57 119 34 194 39 154 78 92 108 97 160 153 34 55 0 79 142 68 11 145 78 103 124 171 171 121 136 168 76 13 196 175 112 87 108 183 12 92 56 130 183 147 34 49 28 192 69 101 30 97 162 169 148
135 83 101 92 171 149 30 15 23 58 124 135 121 175 132 178 155 144 37 78 7 88 83 187 79 13 115 74 116 70 11 159 55 128 193 142 38 85 150 38 25 88 64 151 87 166 148 198 34 59 96 111 24 75 71 16 194 123 119 69 67 54 59 24 187 109 158
190 13 87 2 171 85 125 3 22 123 198 197 87 39 139 9 146 51 85 82 49 159 197 88 183 86 110 9 27 158 25 125 124 15 95 168 127 194 65 105 56 186 23 95 160 126 156 148 163 8 95 71 7 44 45 77 29 34 41 67 155 193 190 46 76 34 22 175
4 36 72 74 5 192 145 173 166 172 162 137 47 136 30 184 103 170 117 54 81 154 90 103 187 45 118 57 2 154 39 157 87 146 13 25 51 66 91 17 183 143 4 181 97 86 162 113 115 148 93 79 173 6 110 83 114 101 5 104 47 169 48 42 35 122 106 87 76
91 16 143 137 193 36 34 180 75 192 105 111 43 116 94 197 90 67 25 43 94 165 160 147 168 60 57 164 18 89 107 52 11 119 61 53 108 31 82 73 165 146 129 147 48 134 175 88 93 89 197 46 91 56 155 42 93 158 34 64 37 59 31 4 88 32 68 85 105 168
28 1 169 121 161 189 18 131 26 196 106 186 1 9 51 12 25 18 105 99 90 199 53 11 87 150 117 138 161 86 41 31 8 82 108 36 166 93 99 98 145 31 56 93 59 173 62 102 30 1 48 117 47 198 160 147 35 3 111 5 179 60 10 55 2 87 94 41 95 36 98
15 171 199 116 124 134 40 140 89 153 98 51 20 23 192 174 72 187 42 23 104 145 59 192 112 101 164 73 80 193 38 124 178 41 150 35 9 27 67 140 192 147 158 5 24 73 117 111 45 193 115 146 189 30 171 166 142 129 138 50 153 61 182 199 179 103 197 62 14 35 59 81
99 82 100 37 156 13 194 191 32 172 170 187 91 8 23 164 179 114 66 188 69 93 75 56 192 171 2 83 52 30 192 49 127 1 185 170 99 163 142 87 196 35 33 163 72 98 139 125 102 18 65 93 197 30 153 152 151 160 19 120 106 143 157 115 83 112 101 84 117 85 171 27 124
171 135 187 140 159 51 84 27 184 131 147 53 32 70 106 86 124 38 109 87 33 50 92 22 92 168 142 101 2 130 186 177 84 159 194 199 185 117 28 31 15 150 2 146 17 45 179 18 21 98 49 102 87 48 94 44 58 80 199 119 107 107 32 96 157 118 28 180 19 135 109 169 127 76
194 4 79 46 124 104 119 108 164 18 14 69 22 155 53 182 147 89 176 193 5 46 122 101 22 157 179 128 128 32 182 15 149 157 46 80 131 81 3 131 197 31 53 43 40 28 107 27 48 192 135 81 13 182 71 48 20 181 133 118 190 74 122 36 57 9 112 101 0 63 62 65 141 5 67
41 190 107 134 156 127 51 111 118 8 61 54 34 11 32 102 156 18 79 162 178 182 31 34 134 197 106 48 54 188 198 168 112 17 41 59 57 195 105 148 43 160 106 111 86 196 121 61 19 89 12 0 19 141 69 166 41 167 2 150 85 64 192 85 154 80 98 84 181 147 186 149 135 32 32 37
138 22 114 142 41 137 199 172 174 165 140 61 106 49 65 37 101 42 28 139 85 28 151 153 55 88 171 71 88 161 31 23 64 147 40 99 40 150 99 36 19 42 53 153 60 20 197 26 16 78 194 90 117 58 71 62 29 177 47 16 5 80 127 138 102 153 182 33 138 161 30 53 84 69 109 83 1
32 144 43 49 188 74 29 187 107 37 25 169 101 71 138 115 53 44 16 194 97 199 199 72 9 140 171 186 73 2 22 120 185 74 78 67 108 62 165 30 101 138 98 95 94 1 86 108 124 113 132 81 124 3 67 63 188 128 64 59 41 79 142 5 38 155 155 190 32 188 167 178 89 142 198 5 132 91
1 134 117 44 140 194 68 186 138 2 88 2 170 101 132 198 40 29 4 183 5 162 32 191 0 6 120 95 72 58 15 133 36 173 65 7 132 77 163 42 115 160 185 73 36 50 154 113 196 81 163 197 3 99 64 77 149 73 142 3 156 140 196 141 51 3 16 10 25 106 88 44 189 127 175 30 177 122 149
35 188 91 150 155 185 52 32 166 159 73 80 77 132 86 83 38 100 51 161 54 97 118 50 136 133 42 178 85 86 61 116 2 49 194 13 57 103 9 79 19 131 22 75 75 124 50 179 151 134 157 14 139 169 14 167 50 137 157 190 76 77 126 130 100 136 20 71 105 189 189 80 82 101 181 122 167 191 97 36
80 173 5 11 95 97 175 12 3 70 56 149 125 104 45 71 193 125 82 82 81 80 58 145 139 72 113 120 49 17 187 103 92 164 54 67 147 173 68 14 149 36 52 98 57 6 116 178 34 97 187 193 108 187 134 40 100 111 17 62 137 137 23 70 114 197 72 52 7 123 1 190 100 125 117 77 100 149 82 128 0
164 189 55 125 142 11 42 166 17 16 33 162 134 101 188 120 24 35 157 112 162 173 152 196 59 138 62 186 85 16 6 64 84 131 89 48 0 62 13 13 88 133 188 164 125 42 105 74 161 109 25 194 39 184 160 143 144 174 25 181 7 80 139 63 140 102 12 19 4 72 22 113 78 190 134 47 152 26 51 52 96 55
68 28 134 156 99 41 10 196 197 110 16 69 141 100 127 133 118 193 50 183 74 146 80 39 144 141 179 147 20 99 51 130 90 179 47 146 148 126 95 136 161 139 44 59 118 154 91 130 96 33 102 12 192 125 32 51 16 127 183 3 13 75 35 169 144 140 2 82 155 169 22 23 191 26 188 117 123 131 162 137 72 160 59
73 1 101 72 176 138 179 30 28 73 82 73 1 44 161 46 120 84 63 159 63 189 70 99 119 93 110 153 52 124 51 186 43 135 181 179 177 190 164 2 104 80 167 144 133 130 53 191 2 12 135 36 116 86 194 125 32 15 59 172 83 17 99 45 130 134 173 111 3 125 40 55 95 96 21 113 196 170 190 59 143 114 83 39
86 168 137 171 113 121 162 182 127 77 162 15 158 119 94 118 174 138 106 97 73 84 84 191 60 41 87 60 129 76 18 103 52 26 178 115 91 184 126 160 135 100 86 128 67 11 122 119 103 162 124 181 58 14 106 58 54 70 43 21 116 31 113 148 183 167 51 148 177 131 196 33 168 2 71 159 39 65 94 149 131 197 104 90 92
24 181 152 129 29 127 124 108 117 63 31 15 176 109 36 18 138 138 158 94 131 0 57 104 69 93 113 48 161 56 93 182 123 62 94 56 137 38 146 162 29 18 127 184 148 185 74 196 41 0 165 130 184 47 4 65 108 109 118 159 150 12 78 65 35 67 30 175 66 52 199 146 151 179 45 16 96 77 178 20 80 108 84 2 126 112
195 172 168 68 66 100 162 190 135 75 144 157 107 151 161 33 43 48 66 94 17 156 7 122 103 104 146 180 86 80 155 71 125 195 182 106 103 74 9 1 60 114 22 145 197 98 57 0 25 109 61 151 15 32 87 95 194 17 111 102 56 138 193 184 89 6 98 60 14 5 33 183 179 87 82 95 197 2 97 125 93 184 12 69 6 38 15
105 149 194 99 152 126 118 63 7 38 125 137 119 182 134 86 89 3 132 47 134 72 88 177 165 53 27 36 149 80 183 81 40 119 62 0 196 101 187 35 53 6 188 155 114 144 105 68 117 66 30 199 187 107 60 22 182 31 87 64 165 180 53 172 49 50 36 54 100 146 90 36 113 13 166 152 82 127 8 90 51 47 171 100 199 191 161 81
78 35 162 16 151 49 44 151 77 121 139 40 196 34 101 63 144 24 110 187 123 143 140 37 32 80 79 149 141 26 46 159 59 141 181 50 4 114 115 163 141 131 5 5 28 162 168 85 82 171 169 148 50 122 75 9 36 76 3 25 87 106 198 181 103 26 86 74 16 118 158 78 144 102 53 199 96 86 127 23 25 91 88 45 141 123 15 62 77
186 25 23 17 89 103 191 163 45 90 18 76 111 185 99 112 181 19 54 199 61 185 131 180 39 3 81 61 171 9 71 197 112 160 44 73 41 79 16 151 120 181 94 67 138 38 43 109 22 60 147 63 175 184 7 163 34 108 100 17 189 179 124 109 85 128 166 24 100 12 25 113 92 73 91 78 178 196 33 22 170 113 58 177 177 136 12 132 116 141
179 0 183 12 43 43 115 118 93 150 186 4 17 101 177 173 44 10 157 166 83 55 75 175 84 58 22 43 14 117 123 118 113 33 97 37 67 86 60 181 106 44 102 153 190 130 48 176 169 29 57 165 142 168 117 182 82 174 101 141 79 127 23 126 136 51 148 12 21 5 142 157 113 180 12 58 24 91 41 88 29 174 38 134 189 0 181 159 9 142 184
196 169 168 40 38 10 52 188 60 0 73 132 69 8 107 99 163 4 131 143 69 182 27 184 57 177 43 120 44 38 59 168 131 137 48 88 108 8 164 166 123 146 130 91 168 75 59 9 162 28 44 54 160 90 123 9 137 48 75 161 24 135 4 163 115 112 150 64 117 141 130 59 171 118 106 146 166 160 107 81 93 173 44 36 193 77 136 118 191 14 143 19
172 183 102 199 35 175 196 111 192 104 167 82 76 163 101 147 116 139 153 86 156 87 39 129 59 186 50 82 186 134 177 179 150 91 1 32 118 181 95 12 71 88 123 197 167 52 44 140 136 147 191 63 75 101 108 101 91 199 170 108 8 21 135 12 99 25 116 123 43 109 110 139 126 85 191 124 155 162 66 39 30 116 107 185 70 67 118 195 117 78 18 119 25
151 103 198 192 88 97 0 103 138 120 138 71 41 142 62 50 42 52 44 111 196 149 2 54 146 144 49 189 129 62 130 80 191 132 77 143 84 41 95 152 149 66 186 147 86 52 59 83 86 135 39 32 10 176 170 31 47 57 177 76 74 22 117 52 130 115 52 109 27 183 119 73 78 196 136 81 19 141 109 22 78 14 83 107 154 83 176 3 9 29 0 36 114 115
62 75 69 190 111 152 153 97 75 34 77 140 43 25 194 179 6 189 88 127 181 29 102 99 98 32 87 77 110 140 49 1 68 159 45 51 150 106 124 196 108 130 145 169 84 78 164 92 15 14 198 18 77 53 196 133 149 197 17 181 71 74 89 55 116 190 63 165 160 103 124 130 127 144 153 117 122 45 77 65 183 170 87 67 148 123 103 140 124 140 30 22 89 194 5
48 182 121 178 85 98 96 127 111 148 39 117 113 19 162 82 128 64 14 101 81 139 194 183 61 165 157 31 187 163 125 89 78 147 194 25 64 130 58 49 124 146 150 112 37 139 102 75 4 197 69 138 11 22 38 8 130 171 153 95 72 56 102 96 38 93 44 118 41 100 123 124 21 118 116 167 121 145 136 135 169 13 184 56 79 170 44 133 196 102 114 1 106 166 164 26
144 113 175 98 117 89 169 180 150 113 0 14 33 191 115 81 74 171 170 60 5 150 197 127 189 143 74 98 107 89 88 13 32 42 107 117 40 76 18 155 62 186 57 88 83 180 20 111 31 107 2 191 47 192 17 61 84 123 51 56 154 17 81 198 47 182 170 195 54 193 192 0 138 116 117 8 69 15 191 188 3 167 52 180 14 140 146 188 52 17 81 166 66 109 181 174 37
64 120 175 187 37 88 2 159 33 81 139 48 38 187 53 133 91 39 83 164 12 85 76 83 44 112 119 75 144 110 118 197 33 194 0 103 15 59 179 128 22 114 192 129 150 2 172 185 28 67 9 136 123 119 111 29 78 128 2 190 160 112 92 102 48 103 85 83 57 26 125 126 15 115 177 163 172 102 93 113 192 169 149 178 60 49 105 10 70 36 0 111 58 75 74 100 117 21
44 193 194 176 48 68 26 42 91 134 188 170 161 75 18 115 23 71 95 43 145 41 193 11 1 153 123 28 75 148 199 24 110 6 171 5 191 25 96 51 14 119 40 24 12 91 168 72 139 40 37 174 46 87 102 147 137 76 42 166 187 126 32 82 158 188 23 121 139 141 154 158 102 143 178 65 118 2 7 154 153 13 119 18 33 22 123 118 192 172 145 161 187 185 103 143 71 171 59
