65 56
97 57
148 68
204 51
224 3
300 83
362 74
399 29
497 84
498 68
584 34
614 81
664 44
668 10
671 63
673 73
718 79
804 48
892 25
998 78
1072 72
1174 27
1234 6
1247 60
1254 77
1305 40
1345 72
1365 30
1438 8
1496 11
1579 57
1623 48
1704 88
1744 33
1795 68
1818 86
1903 43
1909 28
1915 55
2002 13
2054 45
2071 74
2087 74
2099 48
2175 9
2238 28
2343 82
2380 6
2455 52
2530 81
2540 81
2644 78
2720 29
2761 54
2810 20
2877 80
2886 36
2948 41
2981 88
2996 23
3060 61
3139 15
3171 9
3246 13
3299 83
3367 26
3450 5
3489 59
3497 61
3549 87
3643 69
3719 9
3826 25
3894 85
3948 0
3990 58
4070 76
4122 63
4179 46
4267 66
4346 20
4442 32
4537 48
4639 56
4739 88
4799 2
4869 61
4973 29
5036 81
5114 9
5174 88
5280 41
5291 81
5317 71
5393 29
5457 3
5548 73
5606 68
5657 26
5706 81
