45 1689
88 1112
125 843
139 1195
155 669
182 1367
241 598
276 921
316 122
348 1580
350 613
351 1070
425 1555
497 183
569 1488
649 1469
692 563
721 1776
758 723
775 694
834 1762
894 672
930 1320
940 1058
971 395
993 1724
1020 327
1107 1774
1156 118
1192 1186
1217 767
1250 1729
1330 1838
1405 309
1475 107
1526 1101
1563 830
1599 1091
1668 1621
1724 644
1783 1597
1833 1594
1890 720
1966 1492
2003 913
2085 835
2150 87
2153 477
2239 1054
2255 1608
2329 1077
2391 816
2451 130
2473 869
2502 1620
2525 1586
2553 1813
2587 660
2672 46
2686 1398
2731 533
2752 196
2803 1535
2875 1571
2954 1790
2985 1850
3007 966
3011 590
3032 1325
3043 1820
3116 1912
3130 21
3138 99
3222 189
3235 1641
3293 1366
3305 1822
3324 618
3354 133
3402 1564
3467 272
3499 1697
3567 1256
3644 1192
3664 1323
3752 1506
3818 1573
3863 1471
3880 1894
3893 775
3912 1922
3970 671
3994 996
4074 950
4090 1177
4155 1526
4218 915
4277 280
4330 1850
4334 449
4400 49
4440 1445
4460 1246
4514 1434
4543 1167
4628 112
4674 1673
4733 950
4769 1419
4804 1058
4891 207
4936 539
4972 1796
4994 798
5054 1040
5080 146
5130 1104
5148 520
5180 169
5254 1263
5331 1215
5372 1100
5457 1107
5480 180
5513 1731
5546 894
5625 442
5642 394
5685 1462
5695 1405
5722 696
5737 1765
5740 126
5778 1309
5782 1788
5796 851
5852 1497
5864 1764
5930 1780
6004 1900
6040 621
6110 1738
6173 431
6225 1552
6251 189
6321 1326
6382 351
6432 424
6434 1239
6479 898
6512 410
6527 410
6597 1882
6670 1778
6711 1048
6712 479
6721 146
6792 1810
6833 1138
6855 421
6860 1328
6874 1015
6951 22
7015 63
7029 225
7073 1559
7144 973
7200 643
7237 187
7316 881
7321 308
7376 1480
7449 788
7453 1232
7516 279
7591 463
7675 462
7706 752
7742 1406
7812 1831
7818 610
7889 1343
7905 22
7984 676
8036 948
8083 277
8143 211
8190 1428
8227 1738
8307 1678
8346 4
8367 1304
8389 876
8423 957
8445 116
8447 952
8461 1748
8514 1866
8528 670
8567 1381
8625 461
8667 1255
8719 1266
8730 374
8767 17
8833 145
8864 1678
8931 1199
8946 471
8955 1153
9015 1796
9095 1603
9144 257
9191 1559
9223 171
9235 1887
9258 1483
9343 867
9358 1662
9383 691
9429 1707
9490 340
9522 960
9580 707
9658 1459
9712 702
9780 394
9861 1260
9918 1208
9990 307
10050 1370
10120 132
10178 710
10259 1086
10338 241
10405 568
10490 1179
10491 310
10565 277
10567 225
10573 86
10633 1520
10638 639
10649 300
10725 1716
10814 1890
10845 198
10851 1567
10897 1585
10975 365
11038 1288
11060 99
11119 1783
11126 59
11131 906
11178 1010
11210 979
11233 616
11243 1787
11317 1127
11343 497
11378 1067
11390 1737
11408 1393
11481 1143
11566 1681
11604 584
11631 744
11657 974
11731 652
11751 1081
11779 1529
11825 1146
11837 1293
11862 1280
11912 1040
11927 460
11945 1733
11984 446
12014 977
12042 1144
12051 814
12115 1680
12178 1792
12267 292
12326 66
12399 813
12433 1671
12460 911
12548 104
12599 252
12648 1714
12686 273
12693 812
12707 602
12760 1473
12845 675
12914 1168
12956 961
13042 962
13100 824
13112 1500
13186 384
13254 506
13318 461
13385 1576
13392 970
13437 5
13470 1688
13514 1451
13527 386
13587 1673
13638 384
13651 917
13701 1113
13723 1040
13730 195
13737 891
13805 1546
13815 776
13846 1630
13909 296
13921 122
13976 1108
14032 621
14043 411
14094 1808
14114 437
14115 1165
14197 722
14232 947
14271 1427
14330 1416
14363 685
14402 1102
14470 85
14511 244
14577 199
14608 47
14690 1840
14775 437
14814 1734
14816 1622
14849 795
14901 566
14955 281
15028 333
15069 1875
15078 998
15153 33
15222 924
15232 98
15312 583
15398 227
15420 179
15434 1437
15508 1916
15572 1646
15576 1770
15657 1529
15739 508
15761 738
15787 532
15820 1224
15841 619
15930 1109
15960 1680
16012 772
16096 167
16157 1160
16181 71
16235 1817
16248 854
16299 339
16376 1348
16407 986
16417 359
16454 433
16495 1510
16572 344
16621 474
16701 1446
16741 1093
16811 84
16861 1131
16895 1890
16908 926
16967 369
17041 1396
17085 354
17155 899
17161 1321
17217 1530
17300 710
17341 66
17408 161
17426 903
17433 1608
17487 1287
17561 1257
17586 1289
17673 138
17751 1641
17773 1839
17788 1913
17793 300
17870 239
17918 1437
17946 518
18020 126
18051 1163
18124 708
18184 1806
18210 1539
18274 811
18330 338
18344 868
18356 496
18390 785
18440 531
18459 1912
18496 304
18539 1600
18557 1530
18592 412
18667 634
18688 109
18729 1596
18756 934
18770 206
18857 337
18861 1903
18899 1359
18944 1427
19012 1351
19018 246
19030 265
19053 495
19119 1010
19150 1886
19183 1093
19221 1411
19306 30
19350 989
19383 48
19443 1454
19501 1264
19519 1802
19578 1821
19639 1236
19726 866
19778 1914
19799 723
19812 1649
19819 1156
19853 506
19874 1693
19918 1303
19956 1190
19977 510
20015 1213
20059 1767
20098 598
20187 1320
20244 1629
20261 346
20325 1524
20406 733
20442 1212
20466 1379
20535 1368
20552 23
20640 743
20727 1348
20801 1837
20835 118
20859 1715
20917 2
20941 502
21030 1218
21044 305
21073 1193
21094 1345
21139 1687
21162 405
21183 268
21218 1507
21271 1809
21293 1715
21376 776
21417 1705
21481 635
21541 128
21628 801
21653 1024
21682 812
21699 1287
21721 1681
21771 618
21819 1281
21832 1086
21893 51
21972 1572
22001 640
22088 1175
22104 964
22113 163
22132 861
22220 375
22308 469
22363 669
22424 733
22512 769
22586 47
22653 788
22729 469
22743 820
22780 258
22833 19
22844 1482
22925 923
23004 928
23020 112
23094 148
23166 1361
23203 171
23216 667
23261 1724
23270 1235
23329 491
23411 867
23484 754
23554 478
23610 1785
23671 1300
23714 357
23794 48
23830 981
23853 1569
23937 29
24005 887
24011 535
24049 204
24101 1179
24145 1305
24184 1840
24250 1185
24266 314
24328 1165
24392 1764
24457 1302
24500 237
24514 1347
24519 1826
24563 1534
24647 1134
24722 631
24782 40
24783 4
24830 46
24854 1787
24925 1897
24997 1628
25013 783
25042 36
25079 92
25141 370
25142 1188
25194 47
25269 398
25306 82
25368 39
25422 587
25453 564
25469 1012
25522 463
25538 1072
25590 273
25637 1757
25709 235
25758 185
25841 88
25896 491
25971 1839
26013 525
26040 185
26059 12
26079 1507
26113 1507
26124 1303
26179 8
26220 1117
26297 1881
26367 1845
26371 728
26449 1164
26524 408
26597 1162
26674 869
26726 1380
26797 655
26800 1047
26847 988
26873 1253
26944 1124
26946 331
27019 889
27042 405
27131 1310
27167 1852
27237 141
27321 1681
27388 1129
27468 807
27476 406
27563 1704
27607 42
27646 1199
27689 1405
27760 967
27821 1492
27880 1694
27918 866
27997 189
28040 388
28099 1226
28162 1230
28193 1249
28208 1147
28238 539
28257 1171
28298 712
28376 1721
28427 1585
28515 1401
28583 1140
28606 557
28615 1191
28631 733
28684 1834
28750 947
28807 1282
28823 1057
28858 144
28930 389
28977 1721
28986 949
29023 313
29085 1230
29103 1187
29192 1466
29221 1350
29262 784
29264 54
29325 1385
29334 1544
29346 1610
29408 1614
29446 836
29504 1149
29580 1540
29653 1120
29702 814
29764 547
29802 424
29861 1881
29884 1150
29893 658
29919 1265
29998 993
30025 355
30036 689
30078 1250
30132 5
30151 115
30194 1553
30251 1598
30289 1875
30365 1466
30390 191
30450 716
30514 866
30571 733
30604 1695
30617 599
30701 974
30785 917
30791 549
30801 1303
30833 70
30857 1191
30891 129
30925 1321
31010 782
31014 1905
31016 1288
31043 1273
31122 1205
31198 1154
31271 1903
31321 1421
31360 1575
31407 916
31422 527
31473 1806
31516 1438
31540 1002
31544 905
31557 846
31590 1780
31601 1107
31635 1609
31707 609
31710 247
31713 1738
31718 1152
31744 1831
31766 315
31797 732
31817 960
31875 811
31933 610
31945 1449
31970 246
32008 148
32056 1320
32083 1622
32092 1280
32098 1400
32160 1359
32218 637
32257 1129
32280 1209
32303 1110
32381 1444
32432 1896
32475 456
32482 1331
32512 1610
32516 26
32578 469
32662 243
32748 337
32818 80
32892 984
32946 219
32976 1821
33060 526
33067 1385
33123 128
33210 1696
33267 84
33297 170
33347 351
33359 531
33375 1295
33380 1127
33444 1109
33458 692
33493 637
33498 1831
33545 862
33549 35
33563 117
33584 970
33649 1097
33678 466
33697 1249
33731 768
33781 1834
33796 1234
33834 295
33854 597
33883 1200
33894 385
33975 885
34042 1641
34046 1066
34097 1523
34112 193
34156 1641
34185 1163
34239 1784
34308 1782
34382 47
34467 1189
34483 534
34537 147
34572 1584
34605 988
34645 1878
34697 1486
34772 725
34860 1012
34923 1715
34975 404
35026 1196
35069 799
35096 1601
35179 1847
35256 1108
35334 1718
35389 1491
35452 547
35502 1623
35568 1651
35572 994
35643 1433
35652 1128
35666 1892
35698 1443
35719 1746
35733 426
35787 1098
35796 870
35837 888
35912 1121
35975 898
35978 322
36063 175
36109 1102
36135 135
36166 812
36226 1861
36264 1282
36305 170
36356 1876
36386 181
36430 1332
36513 570
36523 855
36568 1511
36579 1462
36629 691
36635 290
36724 120
36813 1077
36869 1378
36909 1147
36977 717
37028 1259
37041 1913
37122 1053
37147 184
37187 580
37242 1584
37276 953
37286 1434
37299 503
37379 1331
37465 1818
37485 66
37504 1711
37535 1448
37574 83
37643 548
37711 370
37800 307
37869 133
37895 197
37911 302
37953 1394
38013 169
38042 723
38085 992
38109 284
38161 1688
38178 134
38263 1681
38297 83
38325 73
38335 545
38348 1506
38406 1324
38408 1547
38466 1062
38475 1494
38561 561
38611 1761
38616 1099
38631 1464
38705 1909
38735 1094
38791 961
38876 1851
38893 57
38948 521
38974 385
39035 1684
39103 854
39131 752
39218 1663
39243 276
39305 194
39324 1190
39390 1651
39472 1684
39537 539
39547 1570
39631 325
39664 504
39709 1477
39715 404
39721 120
39786 1562
39869 529
39887 529
39918 1239
39924 1844
39953 1205
40005 472
40077 82
40120 1626
40164 258
40239 2
40328 1547
40376 1511
40449 84
40512 1227
40517 1674
40529 680
40562 1920
40613 1138
40648 1263
40649 1885
40677 1895
40741 133
40796 1508
40807 1304
40863 419
40893 682
40931 1075
40936 93
40958 670
40992 1309
41054 1756
41102 1364
41171 1701
41260 1793
41340 1798
41367 707
41375 41
41461 867
41515 116
41544 1463
41547 27
41632 1139
41659 1801
41672 1318
41714 1611
41722 1856
41750 35
41758 1081
41759 1832
41822 763
41891 364
41980 1612
42067 1109
42072 71
42157 409
42160 1077
42224 421
42257 751
42273 893
42299 468
42310 769
42327 1455
42345 687
42395 782
42406 1218
42438 791
42523 1561
42564 1506
42624 1109
42703 1565
42723 423
42727 769
42751 536
42839 1013
42843 1888
42856 286
42928 210
42965 594
43014 827
43081 213
43087 234
43091 876
43121 287
43127 868
43168 1468
43207 1148
43280 325
43291 1613
43322 1712
43357 260
43382 106
43411 548
43447 1118
43528 1404
43612 1536
43663 16
43709 1775
43790 629
43822 38
43901 916
43960 1406
43988 1427
44038 1688
44100 105
44185 216
44219 1619
44230 1017
44277 416
44350 769
44354 1916
44395 637
44415 181
44469 103
44555 667
44605 1301
44653 827
44664 1686
44753 599
44765 903
44824 558
44868 250
44908 1267
44994 1723
45008 1698
45013 1689
45032 1291
45036 759
45040 1561
45094 661
45114 1744
45125 1551
45195 1462
45279 752
45339 1572
45400 584
45410 660
45474 1279
45489 364
45515 54
45602 280
45609 1173
45647 1276
45685 956
45691 400
45712 1346
45776 1563
45821 803
45896 1461
45959 1641
45993 310
46061 1851
46118 1912
46120 1118
46207 463
46247 1424
46258 209
46307 448
46356 1791
46357 1118
46400 1061
46483 969
46533 223
46563 18
46585 1775
46657 320
46732 1082
46746 1062
46781 1383
46829 81
46857 774
46867 1298
46937 555
46975 1569
47057 318
47132 518
47153 1919
47157 1501
47186 1804
47239 1884
47257 1094
47343 110
47422 644
47473 1122
47495 810
47553 336
47561 824
47616 1793
47698 352
47782 1630
47796 1519
47801 1277
47829 1090
47872 1430
47938 531
47986 1333
48071 1093
48077 987
48126 1488
48148 596
48164 1049
48247 1454
48271 882
48345 960
48369 1525
48394 1712
48457 367
48477 1810
48524 265
48529 1878
48554 1177
48626 631
48653 408
48666 873
48678 1268
48721 1303
48728 1218
48755 78
48813 1586
48843 639
48895 650
48962 1484
48979 1185
49004 833
49042 1342
49127 1020
49179 1628
49227 1508
49290 102
49359 1287
49366 534
49369 511
49405 625
49493 1512
49525 1912
49589 872
49638 1209
49668 1015
49690 904
49729 1726
49742 49
49758 590
49826 543
49848 1051
49936 840
49999 729
50014 1533
50050 216
50073 1266
50100 875
50185 1492
50196 1017
50274 801
50335 1780
50359 667
50413 1265
50447 582
50470 797
50538 452
50549 1417
50560 657
50604 736
50669 1879
50726 1428
50762 1206
50790 1155
50806 304
50893 744
50896 1059
50971 675
50973 360
51002 485
51084 954
51098 1496
51117 1306
51143 1604
51229 1034
51260 1082
51261 314
51321 1024
51354 778
51423 397
51510 1477
51517 805
51522 756
51528 1554
51534 1218
51622 436
51638 146
51642 1111
51676 1580
51762 1604
51798 1846
51864 1650
51867 567
51909 192
51967 1293
52054 1185
52089 273
52095 184
52161 1542
52169 1695
52173 938
52191 518
52212 1647
52237 1398
52281 664
52360 1783
52422 262
52500 290
52552 1059
52576 134
52638 483
52694 1730
52781 1477
52856 1252
52914 1442
52935 1773
52989 490
52995 1781
53012 1596
53084 1131
53118 1866
53187 1687
53274 1917
53323 430
53412 1211
53426 83
53510 1466
53575 912
53626 88
53691 11
53765 1333
53818 694
53868 1036
53941 950
54012 69
54016 819
54074 1368
54129 536
54148 488
54164 1799
54204 763
54273 250
54302 330
54313 240
54326 1346
54330 1309
54391 576
54405 782
54441 1423
54505 1821
54580 186
54632 1478
54704 182
54746 935
54772 1652
54803 496
54889 1480
54901 1032
54983 1742
55045 422
55129 789
55159 1110
55162 430
55174 76
55255 1696
55303 892
55355 1754
55426 331
55466 737
55534 232
55587 1134
55632 1779
55688 1075
55709 1593
55737 248
55797 1045
55847 220
55854 1039
55856 1830
55868 678
55878 1478
55962 653
55991 384
56056 1650
56065 1497
56137 456
56193 761
56248 1207
56266 866
56285 1189
56296 264
56364 116
56434 651
56444 633
56447 1837
56505 1781
56540 1315
56560 1678
56564 189
56638 847
56694 959
56761 292
56840 912
56880 1282
56894 1037
56915 1785
56975 1025
57063 866
57137 1473
57183 1343
57186 1760
57192 5
57262 586
57299 796
57341 1350
57398 555
57413 296
57438 1373
57511 109
57554 1474
57609 1064
57684 1107
57706 63
57739 1075
57818 1173
57859 1227
57896 1071
57919 290
57994 879
58028 1226
58058 636
58098 571
58177 207
58262 1767
58273 1616
58301 576
58313 1169
58396 1879
58485 77
58548 192
58636 618
58643 1164
58709 925
58715 1570
58779 1352
58780 133
58807 1850
58880 1831
58882 1277
58898 349
58947 1899
59011 848
59084 1221
59085 457
59087 678
59173 193
59227 732
59243 474
59331 379
59406 1725
59416 1072
59442 1353
59503 603
59530 907
59603 479
59646 515
59703 612
59755 247
59787 831
59807 541
59818 833
59863 39
59874 1654
59915 550
59992 481
60050 492
60105 900
60149 1390
60213 1135
60238 1749
60257 1784
60316 181
60379 158
60464 937
60527 266
60555 868
60582 46
60661 269
60684 532
60687 1582
60725 1025
60769 1501
60784 1543
60849 1273
60885 1476
60956 9
60993 953
61068 1481
61138 1298
61215 1281
61262 1743
61265 1102
61316 258
61343 1234
61372 1712
61406 961
61456 1107
61468 1408
61513 1892
61586 686
61604 1826
61688 1798
61751 1395
61763 515
61775 1830
61842 400
61901 802
61947 1489
62018 1224
62059 1361
62075 1464
62149 1906
62198 869
62218 396
62282 956
62361 579
62364 1332
62400 157
62424 1049
62479 1227
62555 848
62597 37
62645 1002
62718 240
62779 1570
62814 522
62834 1304
62884 217
62926 19
62960 446
62976 1292
63022 254
63061 1085
63120 438
63208 1631
63293 729
63356 213
63409 54
63496 366
63499 1799
63570 1383
63654 1564
63706 1627
63715 1351
63737 1358
63810 838
63891 436
63896 379
63952 85
63976 431
64029 466
64070 1179
64153 795
64217 1042
64304 1531
64386 402
64402 795
64409 1569
64416 727
64446 300
64512 905
64582 604
64592 72
64674 1751
64742 618
64769 983
64845 820
64882 1202
64926 63
64950 889
65006 144
65094 1073
65099 1560
65134 417
65185 472
65262 905
65269 968
65345 710
65419 1472
65450 216
65520 1908
65594 506
65608 1641
65675 713
65755 1625
65832 1697
65863 1165
65878 1683
65937 1826
66009 1699
66025 373
66036 419
66058 1320
66141 550
66191 860
66240 937
66286 874
66327 1100
66363 1623
66400 1589
66451 742
66464 1590
66541 1388
66612 1190
66659 836
66705 793
66739 203
66815 1414
66849 456
66923 1690
67008 1267
67091 784
67153 1769
67183 483
67196 1268
67241 75
67307 1137
67322 894
67375 334
67381 666
67465 1782
67506 1043
67547 16
67582 1407
67617 689
67690 1739
67704 188
67773 5
67847 893
67871 1532
67916 845
67951 483
68029 1237
68112 787
68186 1615
68204 60
68275 544
68291 1871
68316 1051
68353 1380
68360 1176
68433 1575
68504 1502
68536 1227
68543 555
68544 838
68575 160
68650 1430
68739 881
68813 1481
68878 120
68902 757
68907 808
68931 832
69020 941
69041 960
69104 1477
69105 1160
69132 738
69165 1861
69168 960
69216 915
69218 746
69230 1694
69251 1262
69333 90
69396 86
69419 923
69461 1038
69542 1203
69562 649
69577 432
69658 1807
69686 158
69763 275
69808 1341
69879 99
69883 1379
69937 1714
70004 643
70024 1556
70038 1861
70118 355
70165 554
70252 1006
70292 356
70345 1428
70424 1529
70436 149
70507 918
70536 782
70543 1383
70574 1407
70594 1619
70648 748
70734 837
70790 577
70818 275
70866 1292
70886 877
70945 821
70962 1588
71048 167
71055 1612
71113 560
71168 1732
71192 209
71260 1131
71301 119
71344 1691
71369 1800
71434 1907
71470 1709
71533 115
71612 94
71682 776
71707 40
71787 136
71854 206
71860 1691
71880 1649
71907 364
71953 766
71962 9
72013 1075
72052 789
72086 1353
72131 1842
72168 1097
72240 383
72282 1681
72341 1716
72350 131
72362 543
72369 483
72444 82
72490 481
72535 206
72621 1631
72707 1496
72719 580
72725 1654
72791 765
72871 1824
72936 438
72959 745
73026 1075
73030 747
73116 1392
73122 584
73194 967
73229 1176
73253 1567
73307 670
73350 245
73389 77
73413 1573
73463 1489
73505 991
73520 449
73523 1264
73575 1914
73635 1466
73660 109
73725 1172
73787 264
73831 785
73859 751
73934 1038
73972 1142
74024 1077
74106 1345
74112 1329
74159 1159
74233 393
74256 242
74306 641
74326 1821
74356 1532
74383 1515
74415 1660
74472 908
74550 101
74637 887
74650 992
74694 258
74696 1860
74697 899
74724 985
74768 1769
74848 1054
74884 1380
74949 197
75031 275
75058 725
75062 713
75068 777
75134 955
75222 467
75303 1752
75389 1515
75448 795
75510 57
75572 1509
75600 491
75613 667
75633 574
75659 67
75684 945
75730 811
75781 1001
75847 810
75916 1095
75978 1839
76049 639
76128 709
76214 769
76276 846
76277 1118
76288 1008
76374 1574
76382 1394
76410 435
76447 15
76515 241
76552 34
76623 291
76668 395
76676 323
76717 897
76769 1826
76816 1288
76890 1048
76968 1269
77027 696
77051 389
77101 1451
77167 621
77224 912
77256 1554
77304 520
77324 1673
77396 517
77465 1525
77500 307
77547 1353
77582 1531
77624 1703
77653 1080
77710 1877
77794 414
77817 152
77853 577
77920 1686
77998 1270
78019 1218
78082 1109
78092 306
78121 1622
78122 1302
78149 907
78156 242
78182 364
78243 1617
78272 506
78273 1591
78317 1644
78359 1314
78447 708
78510 863
78546 1553
78635 871
78692 1564
78769 765
78809 1707
78880 1249
78928 131
78985 1328
79004 1576
79024 809
79025 1077
79075 939
79138 1178
79179 1260
79263 67
79313 134
79340 466
79397 515
79452 1426
79491 1660
79520 703
79560 1408
79614 153
79700 567
79771 726
79844 793
79929 878
79956 1721
79980 1571
80033 1685
80098 1670
80141 389
80175 188
80257 563
80287 257
80292 1745
80299 225
80388 56
80417 547
80484 1851
80565 1911
80608 1203
80695 1171
80743 1458
80807 562
80845 1361
80853 1859
80858 1316
80899 1508
80988 900
81013 866
81057 512
81131 980
81193 1182
81245 83
81284 740
81349 1848
81357 1589
81437 1639
81500 11
81575 1810
81629 401
81659 1197
81667 1166
81682 1628
81740 1583
81761 948
81829 502
81830 1574
81886 381
81927 743
81939 518
82024 1500
82086 1820
82106 1690
82171 868
82228 521
82290 904
82360 1280
82369 283
82405 1780
82453 1548
82481 1317
82560 1906
82643 603
82726 417
82776 1331
82851 1829
82870 980
82954 250
82964 1859
83021 1706
83088 753
83161 1048
83220 1880
83265 1687
83347 291
83430 985
83500 1467
83508 35
83542 1048
83609 1780
83676 1743
83687 563
83719 1511
83783 1477
83841 1009
83879 706
83882 86
83933 379
83939 421
83995 1727
84032 1632
84092 1040
84146 1208
84229 1921
84239 1253
84240 1859
84293 1185
84320 678
84381 1130
84438 1675
84496 48
84506 281
84525 108
84541 1500
84585 714
84627 1189
84659 1154
84708 1863
84724 273
84729 535
84736 1366
84817 371
84822 772
84902 487
84980 492
85030 1292
85083 1852
85094 833
85177 534
85181 1282
85186 1210
85189 446
85209 183
85242 771
85324 347
85374 1606
85378 1556
85386 1824
85446 476
85501 1719
85511 45
85534 337
85544 693
85569 1551
85572 1541
85618 486
85622 1463
85660 58
85701 1503
85752 686
85803 1554
85826 839
85886 40
85906 552
85926 1588
85948 652
86019 1102
86050 920
86071 733
86130 1809
86186 1414
86245 1606
86290 57
86331 1009
86390 24
86474 1159
86521 541
86524 779
86578 907
86601 697
86633 1064
86712 533
86750 1549
86799 605
86827 537
86903 1332
86921 900
86925 1827
86993 708
87001 1546
87028 1711
87049 230
87094 1489
87105 640
87184 504
87242 1477
87249 725
87326 1207
87375 991
87385 613
87418 29
87472 329
87474 647
87541 1042
87617 1692
87659 611
87733 496
87791 1054
87860 1627
87866 1301
87946 1140
87986 1084
88049 1889
88093 1471
88158 927
88218 1260
88244 558
88277 1540
88306 930
88345 989
88357 1617
88431 763
88461 1100
88507 1451
88570 162
88591 696
88647 382
88676 1386
88755 1406
88810 536
88815 1152
88842 1889
88901 88
88905 1223
88978 801
89066 526
89138 772
89154 1155
89222 955
89254 1651
89314 1831
89398 1016
89438 651
89486 1821
89503 133
89566 181
89628 88
89695 1780
89740 1532
89754 1705
89801 822
89844 778
89868 458
89948 1180
89992 21
90009 192
90028 398
90098 798
90155 1910
90207 1395
90210 1066
90228 1387
90244 1765
90308 389
90334 83
90377 1052
90435 627
90505 708
90567 668
90652 913
90733 1312
90792 245
90862 266
90915 126
90932 664
90968 1636
91013 290
91091 557
91104 1827
91136 704
91152 290
91196 302
91264 331
91314 105
91386 1626
91446 1463
91485 1233
91528 1637
91545 656
91559 1085
91623 1665
91636 411
91711 627
91762 1219
91763 1872
91825 1454
91869 1827
91886 1124
91890 907
91896 633
91977 1384
91987 1117
92072 779
92117 1901
92178 1569
92204 1111
92261 361
92267 1538
92347 35
92360 1285
92442 1907
92502 306
92575 1511
92642 1141
92721 1355
92740 319
92752 464
92770 1697
92779 1321
92799 805
92821 959
92887 609
92893 591
92982 1706
93043 501
93088 316
93144 1037
93181 1108
93229 947
93296 703
93365 458
93432 1755
93458 706
93513 36
93515 107
93584 1858
93626 27
93675 1419
93756 1051
93807 282
93874 1824
93925 1753
93969 401
94040 309
94056 1730
94070 1356
94153 372
94182 1233
94227 1615
94314 1436
94378 1181
94424 505
94505 1176
94550 1848
94567 1794
94633 1278
94684 432
94729 1578
94733 126
94812 968
94895 1571
94921 727
94977 1470
94979 621
94981 48
95018 583
95068 1240
95140 1603
95192 1043
95262 115
95282 715
95329 1020
95392 1243
95421 1675
95486 726
95507 1354
95563 1700
95626 1472
95690 1711
95763 1768
95838 897
95878 1372
95942 1055
95987 1585
96039 463
96073 355
96097 845
96138 605
96210 1470
96271 1528
96328 632
96369 1059
96448 1032
96505 18
96514 965
96541 1401
96556 730
96566 1392
96642 1481
96654 1474
96680 449
96702 1390
96730 627
96781 504
96784 709
96833 1497
96890 837
96915 793
96991 1119
97022 1090
97078 1021
97104 542
97145 1834
97169 1202
97198 797
97209 1579
97230 971
97252 571
97299 1356
97314 1824
97397 1382
97430 1861
97457 14
97465 839
97512 121
97598 895
97639 716
97643 147
97722 1426
97759 348
97778 1142
97851 1511
97875 857
97910 1687
97911 518
97962 865
97987 273
98061 417
98073 179
98147 852
98203 425
98272 1040
98352 1076
98388 1051
98431 1187
98435 314
98437 1014
98459 55
98526 651
98536 1796
98566 1021
98580 654
98591 1523
98660 830
98740 1200
98810 178
98862 143
98925 261
98972 1145
99018 545
99028 728
99097 698
99112 1277
99140 1303
99172 1892
99212 1164
99261 359
99314 1874
99390 15
99467 1272
99543 758
99548 664
99559 1602
99602 784
99668 920
99688 489
99754 1125
99763 501
99837 1096
99851 23
99935 646
99963 1037
99992 443
100035 1407
100097 838
100134 1023
100171 1553
100254 126
100277 476
100334 1860
100354 1356
100381 645
100401 1592
100414 24
100495 807
100531 1861
100567 1697
100612 588
100699 1345
100770 1514
100844 1134
100903 189
100958 1584
101033 639
101067 451
101132 54
101155 430
101173 1522
101216 1747
101278 268
101361 177
101425 188
101483 1725
101494 1649
101530 1703
101551 1129
101626 732
101689 420
101697 1285
101780 827
101805 1429
101831 269
101866 1255
101920 1160
101924 755
102011 0
102024 1736
102112 885
102154 1274
102167 1820
102244 954
102286 19
102315 1261
102372 894
102386 1758
102442 497
102467 575
102482 713
102517 673
102554 969
102566 847
102587 1727
102624 1039
102625 1850
102674 456
102752 792
102831 1269
102832 1736
102869 1548
102911 1441
102981 128
103020 135
103060 1036
103148 238
103235 819
103279 228
103363 1412
103372 1272
103457 858
103489 456
103534 107
103553 763
103604 19
103683 16
103772 390
103803 1728
103810 1334
103849 1715
103872 360
103934 1117
104018 931
104059 804
104084 1297
104094 631
104102 1396
104171 1430
104249 1465
104259 255
104275 1885
104301 1460
104368 399
104381 976
104386 1576
104413 1086
104427 726
104454 345
104542 112
104551 1466
104629 1339
104652 1716
104734 822
104759 1889
104842 514
104918 1591
104939 447
104977 141
104981 519
105006 601
105077 1447
105123 1553
105167 1341
105203 1657
105233 978
105322 143
105385 1160
105442 146
105483 1109
105537 815
105615 917
105684 433
105696 960
105781 106
105818 960
105851 1840
105934 1597
106006 785
106056 894
106058 813
106065 1197
106066 1534
106075 1191
106089 1379
106168 1645
106169 1130
106206 39
106236 1300
106311 626
106340 936
106399 1070
106400 1203
106471 859
106554 26
106602 730
106630 1672
106695 1194
106737 1227
106792 1376
106858 1391
106889 821
106964 44
107002 1468
107003 1026
107075 1419
107125 818
107170 394
107237 1581
107320 360
107374 148
107445 477
107526 1161
107592 1869
107609 16
107688 1125
107694 619
107736 241
107803 1085
107806 806
107837 1530
107925 983
107964 1696
107999 1155
108021 588
108066 1268
108146 643
108170 1406
108207 644
108258 243
108346 448
108386 993
108401 1037
108462 548
108540 701
108596 1710
108612 51
108651 989
108676 1549
108746 461
108833 329
108883 361
108944 170
108948 229
109028 156
109066 1457
109109 1814
109142 472
109162 888
109227 43
109288 625
109363 217
109404 866
109484 866
109551 924
109609 1161
109679 1170
109696 1216
109759 696
109786 1168
109816 1469
109821 1105
109898 1457
109923 1592
109931 1284
109984 1848
110063 680
110114 1025
110166 621
110189 1770
110210 1699
110298 659
110317 130
110355 129
110413 833
110416 590
110466 935
110545 1668
110606 8
110636 1836
110655 1418
110664 1352
110684 1661
110706 1617
110781 1893
110814 6
110879 1052
110957 568
111022 1034
111023 333
111088 1686
111175 1806
111211 1912
111257 1496
111344 53
111366 1448
111405 210
111455 729
111510 1864
111581 1350
111608 649
111697 911
111774 1683
111792 1250
111870 1914
111904 635
111972 1826
112007 1805
112093 1403
112180 225
112231 503
112289 978
112308 1681
112359 118
112396 1412
112430 1661
112464 505
112518 909
112553 1471
112626 1051
112706 1771
112775 1417
112855 1573
112941 1316
112959 346
113025 444
113105 1538
113133 73
113186 1645
113220 784
113285 777
113287 35
113358 1922
113370 625
113390 398
113395 590
113454 1410
113481 572
113500 534
113516 297
113562 891
113614 1787
113647 1121
113709 515
113749 1036
113790 588
113802 359
113806 1879
113823 1538
113851 676
113919 1718
114008 1921
114079 295
114135 792
114165 448
114192 873
114252 637
114267 1321
114296 719
114316 1222
114388 1796
114413 1549
114493 1766
114527 492
114580 818
114592 1614
114621 438
114689 1296
114706 1178
114723 632
114795 818
114872 61
114904 886
114905 1439
114965 1290
115028 1886
115092 794
115121 316
115176 295
115179 249
115229 1915
115243 1840
115252 1273
115264 1367
115305 411
115383 564
115388 182
115448 493
115518 671
115598 5
115603 746
115651 1418
115731 1185
115792 1523
115823 1391
115837 463
115867 1299
115944 498
116025 1875
116091 178
116132 1429
116220 1724
116258 1648
116304 1067
116375 40
116446 124
116465 364
116527 1589
116563 1030
116602 677
116657 667
116707 188
116744 1897
116823 475
116855 654
116874 744
116941 1272
116957 1662
117045 434
117124 820
117134 365
117182 96
117267 136
117328 1770
117392 109
117438 238
117491 1812
117495 925
117563 901
117636 1182
117690 210
117732 1079
117758 1293
117767 540
117801 803
117871 732
117879 1053
117932 708
117978 998
118042 450
118045 1527
118133 1316
118184 45
118262 178
118265 381
118269 1187
118353 301
118366 1414
118403 1922
118412 1257
118500 367
118531 1803
118583 1193
118599 1465
118658 811
118683 1550
118719 1884
118761 1407
118810 1000
118830 793
118873 434
118944 1067
118945 1845
119002 148
119075 1215
119162 438
119186 1019
119212 453
119213 1828
119252 504
119298 248
119299 709
119377 933
119430 952
119484 509
119563 1596
119625 390
119659 154
119704 1064
119705 1193
119720 1347
119793 549
119855 1262
119857 1675
119874 1279
119911 303
119985 1629
120073 317
120132 924
120168 251
120230 1592
120239 141
120276 219
120294 998
120357 314
120363 1670
120418 1225
120469 885
120536 911
120594 1308
120666 851
120722 910
120771 1617
120799 1438
120811 520
120850 350
120897 731
120932 505
121004 1804
121081 1087
121158 210
121190 22
121237 1437
121250 611
121287 1214
121297 505
121324 416
121403 1443
121443 1910
121505 1101
121561 1707
121644 990
121651 1566
121740 1199
121759 43
121808 1847
121889 33
121902 390
121958 82
122042 1456
122055 872
122063 79
122152 714
122204 61
122288 993
122307 228
122360 348
122444 1115
122507 1445
122553 1468
122640 342
122679 227
122691 608
122739 1563
122796 373
122834 480
122906 591
122987 27
123016 1261
123027 238
123061 342
123086 1874
123167 1629
123245 1562
123311 789
123348 327
123423 571
123452 508
123523 426
123551 333
123556 540
123623 310
123675 1328
123740 1126
123749 126
123813 270
123899 287
123908 224
123970 1685
124050 1604
124072 1717
124083 1570
124099 854
124156 1768
124173 198
124196 1604
124253 1333
124254 968
124260 899
124341 1758
124414 1040
124460 1268
124516 1891
124532 359
124565 772
124581 475
124605 1921
124668 119
124756 830
124835 1555
124893 1282
124962 1494
125024 1624
125086 309
125095 83
125109 1115
125143 856
125190 1336
125244 1019
125290 821
125315 1145
125336 1613
125404 452
125421 278
125472 471
125508 1699
125567 864
125590 1720
125635 960
125647 1482
125730 628
125748 293
125808 1389
125888 156
125967 1129
126050 600
126120 814
126152 804
126223 1792
126274 902
126326 1132
126337 1201
126418 1209
126444 1208
126521 797
126588 1174
126662 568
126670 863
126713 103
126746 1303
126835 1594
126902 1546
126961 736
126993 564
127070 1558
127076 531
127110 191
127135 1142
127187 1293
127262 367
127345 1258
127402 93
127428 1648
127516 1853
127556 1183
127602 1023
127630 981
127685 650
127710 390
127777 65
127820 1759
127823 241
127901 630
127922 700
127963 949
128020 1176
128107 1741
128118 1554
128139 1231
128218 1039
128232 64
128260 475
128330 59
128417 1162
128420 846
128505 865
128519 1221
128605 954
128666 1741
128726 6
128739 474
128782 1598
128835 1853
128916 294
128957 1184
129045 1350
129076 467
129158 1772
129200 1515
129224 874
129252 915
129323 597
129332 1345
129387 1555
129401 1066
129478 1256
129542 733
129544 718
129614 1718
129631 616
129692 41
129697 625
129762 630
129839 1581
129896 771
129967 564
130024 1842
130041 912
130057 645
130129 707
130137 1501
130170 837
130190 334
130242 359
130295 1145
130372 1014
130403 420
130441 1257
130465 1301
130486 59
130490 190
130540 163
130549 146
130592 171
130611 654
130662 683
130739 1903
130807 1458
130844 1192
130907 703
130960 1765
130978 617
131024 147
131093 1857
131100 1887
131143 1797
131171 61
131252 645
131304 1814
131372 1449
131453 390
131526 1330
131531 545
131606 549
131693 752
131696 800
131764 254
131791 1805
131863 402
131879 522
131907 930
131919 817
132002 1188
132029 1454
132109 1517
132137 258
132169 885
132215 1297
132236 1087
132279 382
132346 1273
132394 292
132409 1827
132454 754
132513 1320
132585 815
132651 1357
132722 604
132797 770
132876 1738
132880 1061
132895 389
132939 1475
133025 125
133033 207
133040 878
133124 1013
133211 972
133226 46
133299 1746
133357 448
133432 1314
133496 1439
133582 1396
133629 1155
133673 150
133714 587
133722 1182
133737 1772
133825 171
133830 1424
133912 53
133965 926
134023 1381
134040 1401
134086 1299
134159 143
134228 1556
134259 478
134297 429
134374 1752
134441 862
134466 1439
134540 1903
134599 415
134686 515
134729 1475
134777 624
134789 1566
134821 1890
134842 1473
134857 2
134917 1701
134936 1411
134948 594
135015 682
135050 914
135075 682
135125 996
135175 306
135230 1407
135239 959
135274 824
135333 1593
135410 987
135490 1921
135491 958
135577 1709
135638 150
135671 78
135702 1637
135714 1815
135718 1769
135733 1404
135788 919
135847 317
135929 832
135994 604
136006 1839
136065 1445
136099 1364
136163 167
136249 613
136317 1298
136376 1237
136427 448
136495 958
136528 1174
136579 184
136599 815
136660 37
136735 1363
136783 1231
136854 489
136889 1358
136972 999
137051 698
137061 825
137128 486
137157 852
137197 1243
137224 416
137296 856
137347 1171
137415 1735
137428 1090
137442 132
137451 454
137461 1802
137462 1788
137464 415
137526 645
137610 1009
137689 793
137701 190
137776 1256
137830 987
137900 1760
137968 684
138000 1501
138029 1164
138098 794
138183 1622
138208 42
138285 1838
138309 1133
138391 578
138425 1891
138475 606
138519 131
138605 1396
138661 1413
138736 109
138761 420
138781 1041
138811 211
138854 365
138914 367
138996 575
139035 1702
139069 923
139111 1485
139120 632
139184 907
139253 110
139303 1525
139356 749
139431 873
139436 203
139461 106
139491 1418
139575 923
139639 1821
139644 1790
139719 1919
139774 979
139809 1664
139811 1069
139859 1096
139936 574
140019 797
140083 678
140096 1500
140108 895
140182 1111
140202 449
140205 697
140206 24
140265 934
140292 370
140348 79
140371 1120
140403 766
140440 86
140468 207
140528 1576
140533 1380
140540 897
140618 835
140690 124
140757 1663
140759 1629
140824 1575
140905 482
140956 684
141023 1347
141083 371
141093 1830
141153 34
141182 1827
141233 1884
141321 168
141374 1881
141375 1422
141389 1396
141441 1709
141524 531
141543 110
141560 856
141611 965
141649 1293
141723 935
141733 1311
141753 1795
141768 1811
141825 258
141830 928
141882 1875
141914 1014
141928 1257
141965 1720
142038 42
142098 330
142125 1814
142195 781
142215 671
142255 256
142263 749
142317 615
142361 415
142411 575
142496 1339
142570 1372
142638 1194
142717 270
142730 1888
142747 1624
142762 1178
142768 869
142853 1316
142917 932
142941 758
142981 275
142997 1231
143040 904
143094 522
143128 1827
143168 439
143235 1181
143258 1885
143333 1773
143410 1856
143431 1652
143466 1132
143511 1051
143576 1094
143588 1797
143635 640
143710 988
143785 1528
143847 283
143869 1838
143943 616
143946 1497
143990 1382
144053 363
144088 1515
144151 513
144227 1665
144262 516
144295 306
144302 672
144375 908
144450 590
144515 1271
144583 481
144619 1690
144673 223
144713 1143
144788 728
144831 617
144865 811
144942 1717
144949 1365
145011 1059
145087 1639
145102 1002
145165 938
145197 1469
145205 358
145210 679
145236 579
145288 384
145330 1717
145376 1283
145464 1693
145502 927
145511 591
145533 1807
145608 1862
145677 736
145750 1764
145759 1104
145792 337
145793 499
145838 1207
145855 647
145944 1273
146007 121
146039 1338
146126 1075
146176 1139
146257 1646
146268 1617
146314 1821
146321 1101
146378 1125
146455 1022
146538 272
146591 1003
146626 1908
146679 662
146687 133
146718 1869
146792 1291
146850 333
146890 1675
146958 352
147027 65
147067 897
147141 562
147192 1633
147266 729
147316 674
147404 1577
147458 1125
147461 1218
147478 879
147546 520
147621 745
147687 223
147767 1108
147798 1141
147832 1466
147834 118
147845 1378
147900 225
147915 296
147975 599
148004 872
148072 1542
148100 1011
148162 70
148229 300
148258 89
148285 181
148349 1417
148351 344
148425 339
148455 1475
148523 147
148609 516
148688 588
148727 77
148787 1295
148807 566
148875 472
148936 781
149025 1016
149055 656
149103 452
149143 1429
149153 1243
149239 929
149249 38
149317 1092
149339 709
149353 824
149360 195
149414 344
149477 1464
149521 1085
149553 1042
149620 61
149621 1921
149695 141
149757 842
149775 599
149835 330
149908 342
149963 1159
150010 371
150088 1742
150129 1521
150130 1060
150159 606
150214 1678
150216 885
150265 1578
150271 1576
150321 122
150397 1109
150435 1362
150502 1862
150561 311
150646 280
150710 1437
150772 1564
150799 1401
150812 746
150896 1000
150942 312
151010 663
151041 1567
151106 1634
151142 1616
151198 585
151259 1148
151342 1636
151423 1140
151506 1019
151548 818
151578 1265
151614 1268
151634 90
151653 432
151673 1421
151745 1779
151819 309
151831 636
151885 786
151936 460
151997 896
152008 1845
152086 1117
152109 703
152176 1261
152200 219
152205 253
152229 981
152275 22
152304 1351
152345 1451
152420 55
152485 1181
152496 55
152545 1180
152601 1447
152687 989
152750 890
152752 1303
152821 1637
152897 969
152966 422
153039 1886
153060 1513
153115 1390
153150 441
153227 1229
153231 736
153235 1837
153312 1263
153376 512
153443 1742
153462 529
153526 672
153558 1101
153577 73
153616 1152
153697 1055
153709 133
153758 1055
153772 1458
153831 1485
153844 971
153846 840
153894 990
153898 287
153928 131
154011 506
154057 1011
154123 1190
154206 1318
154208 1172
154237 1443
154307 211
154339 1392
154407 614
154448 1484
154515 1215
154577 966
154588 1316
154595 961
154635 314
154680 1561
154688 638
154754 1596
154794 1430
154849 151
154891 896
154934 334
154936 1026
154988 1364
155067 1728
155131 748
155216 295
155231 1082
155285 1858
155366 185
155411 60
155476 94
155496 81
155563 1920
155635 1808
155697 120
155779 1652
155861 595
155936 1395
155961 364
156015 1915
156066 466
156099 1083
156148 1737
156155 73
156211 1205
156268 1526
156288 103
156289 1613
156338 1632
156416 1048
156471 73
156553 1557
156559 1729
156579 569
156596 1884
156682 467
156743 1830
156747 559
156777 203
156779 297
156850 1586
156882 212
156954 904
157014 1399
157042 1347
157101 971
157131 361
157168 1546
157174 573
157249 1193
157259 756
157328 284
157358 1624
157429 1846
157476 464
157532 1685
157569 1456
157608 990
157667 178
157751 647
157824 1733
157832 488
157854 641
157905 1309
157983 1119
158009 522
158076 915
158113 398
158195 1436
158198 310
158207 351
158235 1601
158316 1195
158365 472
158393 729
158478 902
158502 565
158511 64
158580 726
158585 463
158647 203
158686 1062
158696 1375
158709 1586
158723 621
158731 810
158788 911
158835 1868
158840 1452
158878 1256
158951 218
159000 39
159007 213
159033 385
159072 650
159116 1146
159185 1914
159198 277
159248 1793
159268 364
159269 1100
159348 1694
159379 510
159397 1000
159436 1668
159482 877
159554 1063
159571 1252
159627 1476
159692 11
159747 605
159786 39
159820 1477
159883 984
159952 1240
159995 474
160070 540
160148 1907
160179 616
160263 239
160341 1482
160393 1015
160452 1781
160517 1484
160520 1010
160531 1025
160619 1442
160687 1771
160719 692
160780 145
160819 1576
160857 1118
160876 450
160952 1173
161030 65
161113 1660
161184 1243
161233 1650
161281 1708
161297 978
161312 1790
161321 842
161357 1313
161446 1032
161517 404
161529 62
161559 271
161609 359
161611 1445
161620 803
161669 733
161731 835
161760 275
161818 1658
161837 610
161884 1818
161905 1530
161954 1288
162010 594
162068 1594
162130 234
162142 270
162189 331
162252 323
162304 398
162356 176
162394 890
162434 1507
162448 1155
162536 154
162554 1282
162622 909
162683 1396
162690 354
162760 417
162769 1471
162799 390
162812 1699
162901 158
162941 538
162992 860
163006 1402
163067 965
163133 1013
163220 1867
163240 31
163285 1671
163325 148
163364 1458
163446 1243
163454 452
163483 999
163529 1674
163574 442
163597 1501
163667 402
163737 1566
163747 130
163797 142
163833 1847
163906 1465
163926 1865
164008 245
164048 483
164078 7
164079 1225
164121 1644
164187 1175
164232 1680
164234 1594
164290 437
164376 838
164459 602
164488 770
164523 1651
164588 1252
164620 1316
164701 1370
164780 353
164857 491
164859 1466
164868 444
164910 1546
164982 850
164994 727
165064 738
165150 458
165177 1438
165230 845
165273 109
165314 640
165340 1591
165352 1732
165402 237
165403 331
165439 1898
165501 1654
165581 1336
165585 1666
165626 735
165715 1387
165785 1424
165790 1621
165818 952
165893 1013
165953 392
165981 1700
166061 27
166087 354
166173 101
166258 1337
166278 1121
166281 1487
166318 727
166338 1620
166356 457
166415 938
166499 972
166525 1677
166614 1229
166698 1772
166760 4
166774 1642
166823 857
166824 670
166910 1511
166945 1598
166982 1787
167017 1053
167095 1617
167144 105
167169 1069
167211 1229
167280 1431
167311 598
167362 721
167440 558
167442 1548
167455 1022
167465 1243
167546 1277
167595 1425
167641 1214
167652 584
167701 109
167757 1914
167836 194
167873 872
167938 1434
167965 1883
167976 205
167988 751
168045 654
168054 628
168122 367
168207 558
168258 1562
168273 220
168296 696
168384 1088
168446 915
168499 1382
168519 1054
168592 325
168655 675
168705 807
168772 1789
168853 1267
168919 942
168928 1648
169008 129
169039 615
169115 1262
169193 413
169214 1851
169275 1477
169297 1516
169321 1799
169329 571
169372 346
169437 753
169500 1428
169574 841
169618 1207
169676 1708
169679 1157
169766 567
169848 715
169878 793
169925 1031
170005 1172
170027 1572
170030 515
170105 1195
170108 22
170135 2
170147 95
170156 5
170177 373
170239 1702
170282 402
170325 1208
170410 1069
170477 1100
170549 1164
170619 11
170638 152
170685 151
170765 1582
170827 1118
170844 1224
170890 1074
170897 1747
170906 268
170982 209
171007 1348
171024 1524
171047 1467
171085 433
171113 1294
171144 636
171175 236
171255 134
171338 524
171404 1403
171471 735
171529 1900
171534 1789
171557 65
171622 1470
171705 579
171748 882
171768 1739
171840 648
171885 70
171892 1438
171959 1278
171966 1147
172005 1828
172051 894
172097 482
172120 1166
172203 1579
172237 1517
172303 64
172384 1223
172453 1843
172454 1196
172491 1253
172574 95
172616 1197
172659 558
172711 1110
172768 1866
172828 384
172851 602
172898 171
172932 1163
172988 1721
172996 1083
173013 1429
173073 1625
173102 1460
173168 247
173227 139
173247 1778
173316 119
173380 66
173422 38
173473 219
173493 961
173582 1896
173608 1104
173641 1473
173676 940
173685 1587
173762 496
173765 1906
173843 1167
173901 1183
173946 3
173987 1561
174021 11
174079 311
174099 1596
174118 1455
174164 1532
174170 1542
174196 1880
174222 1906
174281 1869
174289 1790
174352 1393
174427 1318
174454 1725
174476 1565
174522 711
174532 662
174574 1789
174656 208
174684 1922
174744 815
174790 949
174807 181
174814 215
174885 690
174935 195
175020 1608
175063 296
175089 1324
175173 767
175200 397
175219 783
175299 1165
175304 425
175339 1337
175341 1050
175390 1340
175441 1162
175497 293
175545 1612
175549 1650
175635 1267
175724 240
175747 1901
175748 1702
175784 1915
175873 1687
175931 177
176015 411
176038 1875
176116 29
176189 444
176199 19
176211 1768
176272 1405
176291 532
176329 1611
176407 528
176474 1697
176501 1472
176551 1565
176636 1710
176705 1869
176762 563
176835 1893
176873 1142
176949 1775
177007 69
177014 831
177066 1226
177116 1651
177191 90
177235 738
177278 986
177345 1688
177432 1220
177500 1186
177540 86
177551 391
177627 1248
177630 1333
177654 550
177700 1781
177745 553
177759 348
177786 1077
177845 1444
177933 1506
177984 1616
177991 1742
178027 459
178056 816
178114 254
178151 58
178173 795
178177 1363
178211 355
178288 690
178370 1706
178389 861
178430 1274
178461 1053
178517 542
178555 82
178558 1859
178620 719
178646 454
178703 46
178767 1680
178830 721
178855 1509
178872 883
178929 935
178964 124
