752 125256
892 82190
1323 119257
1595 1999
1998 109298
2600 162461
2933 191659
3493 14212
4260 61088
4574 144800
5269 92534
6073 135109
6652 196184
7206 22816
7583 29179
8423 17452
8880 177284
9204 162633
10020 111592
10154 113396
11033 8760
11482 177193
12246 13582
12534 181529
13413 77476
13471 190035
14119 37974
14778 49248
15058 56580
15270 14277
15681 148393
16175 111068
16585 136373
16991 92161
17152 30863
17994 51888
18639 125938
18882 173223
19436 125807
19826 168550
20199 187655
20706 14191
21075 17173
21557 162994
22390 26426
22517 143261
23069 125729
23243 124441
23408 128374
23991 4708
24244 121110
24774 137423
24945 194331
25076 82230
25283 12072
25509 70402
25899 112877
26596 26295
26619 65863
26980 85675
27510 166733
27981 197470
28667 39195
29202 38905
29752 167071
30446 198047
30566 127373
31112 27332
32010 95211
32161 45401
32523 194660
32982 86682
33584 103328
34438 89989
34973 125461
35585 39248
36462 72068
36694 137214
37442 13107
37986 71717
38209 42223
38355 136426
38681 59332
39036 136935
39040 84614
39405 84144
40215 169455
40315 148592
41002 120325
41553 139352
42035 25433
42732 109324
43612 146525
44096 112157
44698 1188
45076 123590
45362 87612
45519 28557
46130 104558
46817 121189
47644 183609
48252 31869
49097 194166
49342 9500
49879 92535
50117 63974
50247 177877
51044 145309
51841 108647
51884 22170
52535 64511
53029 6295
53403 160442
54157 134315
54776 139110
55197 127132
55880 113389
56476 186178
56487 35716
57134 194123
57607 122936
57892 141709
58300 118859
58602 94358
58737 96279
59357 13699
59968 186997
60803 42563
61001 177949
61437 157131
61861 43211
62678 45263
63452 28547
63554 153291
63733 177062
63992 196945
64097 195962
64358 168921
65076 157857
65365 93151
65668 109539
66459 112090
67230 80334
67414 90953
67460 107538
68324 78713
69008 54396
69607 132798
70257 177295
70618 99114
71194 74000
71783 16608
72103 189823
72338 75390
73052 76950
73349 121392
73370 13160
73787 160734
74625 189265
75165 65043
75479 172153
76355 7343
76450 130534
77059 102606
77425 70259
78127 149817
79014 82365
79486 93784
79773 33706
79833 19784
80517 86476
81264 36767
82070 69676
82142 82736
82522 72691
83124 15886
83608 107324
84335 14509
84713 109585
85228 17523
86086 94201
86741 5535
87595 83823
87708 130345
88118 2055
88492 39722
89085 14517
89462 57252
90195 113176
90961 33649
91135 24600
91976 34818
92554 161682
92661 186373
92869 13902
93438 193396
94296 163389
94552 7400
95250 16410
95280 79792
96035 104408
96142 169610
96393 8006
96456 128100
96704 144549
97055 102793
97947 168403
98303 157180
98851 98250
99723 184051
100443 98932
100843 148531
101303 55980
102198 139479
102558 69623
102861 84693
103548 190756
103973 10561
104480 48794
104928 173943
105217 182173
105457 182766
105611 51240
106430 12387
106963 94462
107228 17735
107713 48676
108157 17142
108437 164418
109249 38107
109883 28313
110278 61819
111089 173225
111419 28383
111962 85247
112257 20523
112637 62522
113073 197967
113518 101191
113721 103963
114419 6862
114950 14652
115241 40891
116124 104622
116757 111058
117612 167677
117753 86716
118628 134994
119061 26007
119856 44364
120546 86718
121312 161807
121937 22075
122171 127430
122243 47142
122435 165156
122471 49378
122569 141379
123042 67044
123541 121838
124050 89670
124690 132116
125131 1699
125583 162350
126034 6217
126507 123564
127273 56685
127801 157381
127815 181431
128011 188053
128118 74842
128919 136889
129594 90591
130385 172515
130481 170216
130558 75271
131048 64777
131681 107099
132421 176644
132458 9806
133228 44472
133629 64950
134073 149539
134692 149379
134764 15529
135580 4886
136246 22058
136826 117400
137453 127794
138144 196583
138198 176186
138704 73829
139118 55281
140000 123108
140521 190632
141056 111090
141697 1538
141703 98843
141784 175617
142516 24952
143185 153359
143834 46963
143996 156812
144455 81834
145178 89027
145507 194560
145914 138251
146699 184127
147481 1091
148030 86910
148216 192247
148704 110854
148930 27544
149117 38464
149826 150676
150625 73956
150636 7334
150909 98744
151351 33427
151842 187427
151930 101909
152035 139081
152237 182253
152545 129673
152714 37470
153344 31602
153690 21761
154484 129355
155354 49589
155681 108120
156176 26152
156276 23993
156416 127846
156575 57054
157370 119178
158012 150733
158189 20171
158736 157731
159032 177614
159768 160836
160238 52037
160583 1674
161127 185776
162025 111705
162680 78827
163446 32394
163841 180855
164252 74738
164408 75204
164591 172031
165451 82045
165899 30057
166526 30931
166968 139445
167405 147637
167588 112088
167904 140493
168707 148674
168966 95581
169776 80209
170515 42429
170752 174046
171206 85926
171464 164537
171782 6580
172359 132494
173088 72155
173882 197487
174696 111810
175073 125102
175511 35917
176044 96127
176185 74183
176296 97830
176391 3409
176788 62885
177126 138303
177900 990
178414 98762
178664 851
179173 158643
179257 102808
179375 50690
179748 113697
180392 190722
180590 107352
180953 170039
181713 188653
182581 81082
182853 138498
183506 176590
184116 111253
184671 55547
184749 97761
184985 173938
185775 91570
185906 38067
186114 157479
186546 30919
186738 88033
