67 7382
124 5000
151 15435
212 4775
284 15485
356 18075
386 4933
406 15184
493 9539
543 16579
565 5048
645 18076
694 17887
738 13929
803 7895
833 3382
907 15921
981 3037
1015 18346
1084 13211
1133 11085
1221 9812
1294 8569
1325 10268
1331 10233
1336 6928
1350 7495
1425 6151
1467 10696
1505 10440
1549 2158
1633 131
1664 17731
1732 1818
1808 12438
1891 14528
1971 10866
1981 4432
1994 5143
2003 1131
2024 2543
2078 11563
2165 12753
2173 18813
2234 9034
2315 15131
2401 14037
2453 681
2508 2348
2547 12304
2620 15980
2636 15670
2665 13688
2720 18420
2767 18004
2770 5183
2823 4200
2832 6371
2878 8988
2906 5695
2942 9030
2957 16586
2971 17585
3048 7407
3074 17521
3112 9739
3165 14968
3209 13603
3212 3650
3290 19691
3352 9105
3440 4255
3518 5721
3547 4853
3608 1619
3662 11784
3666 19146
3731 6450
3800 19713
3840 18819
3864 18711
3907 11885
3996 12129
4018 7176
4103 10222
4154 3187
4205 11291
4266 4262
4282 7597
4342 12818
4429 5166
4488 3765
4496 14852
4541 14856
4559 8884
4604 16405
4674 16628
4721 2465
4770 6326
4847 14313
4868 7537
4943 16043
4951 6418
4986 11085
4993 8331
5065 8378
5138 11036
5147 10787
5155 2679
5220 17352
5227 14445
5292 17013
5309 16889
5361 8987
5415 16560
5456 15683
5515 12301
5590 4603
5636 11918
5687 12599
5757 18874
5787 4316
5827 554
5866 6798
5950 2715
6009 13521
6071 18873
6129 3859
6144 18580
6210 846
6290 727
6354 3955
6384 462
6435 8777
6468 19691
6474 13390
6543 5914
6625 9364
6629 14810
6713 10362
6799 13045
6882 11143
6899 8847
6968 12300
7042 19399
7049 18789
7062 17136
7117 6656
7189 17431
7257 10261
7294 3526
7362 2371
7389 15519
7417 1061
7447 1840
7519 16954
7571 19366
7633 11882
7676 15254
7742 6850
7766 7174
7798 18531
7869 15571
7891 3680
7944 18244
7997 16868
8054 12394
8075 1578
8108 16631
8189 11179
8208 6163
8235 5533
8303 3396
8343 10380
8374 14711
8420 11014
8490 5203
8578 8837
8648 17712
8662 10003
8734 6924
8821 16645
8909 19149
8923 6086
9005 17389
9068 3665
9121 2271
9169 14818
9198 6485
9202 6923
9235 18602
9272 3873
9331 10044
9378 5241
9422 10967
9502 14132
9581 16804
9667 3219
9693 17222
9770 15033
