         



     12        12        4           4         4               12        12        4           4         4          12        12        4           4         4          12        12        4           4         4          12        12        4           4         4          12        12        4           4         4          12        12        4           4         4          12        12        4           4         4      0






              8          8          4          2            2             8          8          4          2            2       8          8          4          2            2       8          8          4          2            2       8          8          4          2            2       8          8          4          2            2       8          8          4          2            2       8          8          4          2            2        0






             1           0          4           10          10              1           0          4           10          10            1           0          4           10          10            1           0          4           10          10            1           0          4           10          10            1           0          4           10          10            1           0          4           10          10            1           0          4           10          10           1    




             3            2          4           8           8                3            2          4           8           8        3            2          4           8           8        3            2          4           8           8        3            2          4           8           8        3            2          4           8           8        3            2          4           8           8        3            2          4           8           8         1   






             6           6           4          4          4             6           6           4          4          4      6           6           4          4          4      6           6           4          4          4      6           6           4          4          4      6           6           4          4          4      6           6           4          4          4      6           6           4          4          4     0



