            12           4             4            4            12             4             4          4              12           4             4            4            12             4             4          4            0 
            0             4             11           0              0              0             0          2              0             4             11           0              0              0             0          2       0
            6             6             4           0              0              5             15        0              6             6             4           0              0              5             15        0              0
            4             9             0           5              0              2             1          4              4             9             0           5              0              2             1          4    0
            1            0              3           0              1              0             0          4              1            0              3           0              1              0             0          4         1
            0             1             0           5              0              1             8           1             0             1             0           5              0              1             8           1     0

            1             8             0           4               5             2             1          4              1             8             0           4               5             2             1          4    1  
             0            4             15         0             12            13            4          1              0            4             15         0             12            13            4          1      0
           0             1             1           8              0               4            10         0                0             1             1           8              0               4            10         0     0
           6             4              4            4            6              4            5           4               6             4              4            4            6              4            5           4         0


 
