12         4            4           12         4              12         12         4            4           12         4              12   12         4            4           12         4              12   12         4            4           12         4              12     12         4            4           12         4              12  12         4            4           12         4              12      12         4            4           12         4              12   0

0           4           10          0           2             0           0           4           10          0           2             0       0           4           10          0           2             0       0           4           10          0           2             0       0           4           10          0           2             0       0           4           10          0           2             0       0           4           10          0           2             0        0

3           8             0          0           8             2           3           8             0          0           8             2     3           8             0          0           8             2     3           8             0          0           8             2     3           8             0          0           8             2     3           8             0          0           8             2     3           8             0          0           8             2           1   



0           4           15          0           4             15         0           4           15          0           4             15   0           4           15          0           4             15   0           4           15          0           4             15   0           4           15          0           4             15   0           4           15          0           4             15   0           4           15          0           4             15     0
0           2            9            8          2             1           0           2            9            8          2             1   0           2            9            8          2             1   0           2            9            8          2             1   0           2            9            8          2             1   0           2            9            8          2             1   0           2            9            8          2             1   0
0           8            0           1           4             10           0           8            0           1           4             10   0           8            0           1           4             10   0           8            0           1           4             10   0           8            0           1           4             10   0           8            0           1           4             10   0           8            0           1           4             10   0
6           4           6            6           4            4            6           4           6            6           4            4               6           4           6            6           4            4            6           4           6            6           4            4                6           4           6            6           4            4            6           4           6            6           4            4            6           4           6            6           4            4                   0   
