                 12          4           4             4           12             4           4             4             12          4            4              4            4            4            12           4              12          4           4             4           12             4           4             4             12          4            4              4            4            4            12           4         12          4           4             4           12             4           4             4             12          4            4              4            4            4            12           4         0

                5             15          1            0            5              15         1             0             5           15          1              0             1            0            5             15                         5             15          1            0            5              15         1             0             5           15          1              0             1            0            5             15                    5             15          1            0            5              15         1             0             5           15          1              0             1            0            5             15       1
                15           5           5            4            15             5           5             4             15          5           5              4             5            4            15            5             15           5           5            4            15             5           5             4             15          5           5              4             5            4            15            5             15           5           5            4            15             5           5             4             15          5           5              4             5            4            15            5             1    






                5             15          1            0            5              15         1             0             5           15          1              0             1            0            5             15              5             15          1            0            5              15         1             0             5           15          1              0             1            0            5             15        5             15          1            0            5              15         1             0             5           15          1              0             1            0            5             15      1

                15           5           5            4            15             5           5             4             15          5           5              4             5            4            15            5            15           5           5            4            15             5           5             4             15          5           5              4             5            4            15            5    15           5           5            4            15             5           5             4             15          5           5              4             5            4            15            5     1    

                5             15          1            0            5              15         1             0             5           15          1              0             1            0            5             15               5             15          1            0            5              15         1             0             5           15          1              0             1            0            5             15     5             15          1            0            5              15         1             0             5           15          1              0             1            0            5             15 1
                15           5           5            4            15             5           5             4             15          5           5              4             5            4            15            5            15           5           5            4            15             5           5             4             15          5           5              4             5            4            15            5   15           5           5            4            15             5           5             4             15          5           5              4             5            4            15            5       1

                5             15          1            0            5              15         1             0             5           15          1              0             1            0            5             15           5             15          1            0            5              15         1             0             5           15          1              0             1            0            5             15      5             15          1            0            5              15         1             0             5           15          1              0             1            0            5             15       1
                15           5           5            4            15             5           5             4             15          5           5              4             5            4            15            5                           15           5           5            4            15             5           5             4             15          5           5              4             5            4            15            5                    15           5           5            4            15             5           5             4             15          5           5              4             5            4            15            5      1


                5             15          1            0            5              15         1             0             5           15          1              0             1            0            5             15              5             15          1            0            5              15         1             0             5           15          1              0             1            0            5             15       5             15          1            0            5              15         1             0             5           15          1              0             1            0            5             15     1

               7              5           5            4            7               5           5             4             7             5          5              4             5           4            7              5              7              5           5            4            7               5           5             4             7             5          5              4             5           4            7              5    7              5           5            4            7               5           5             4             7             5          5              4             5           4            7              5    1
                
