12             4         4            12             4         4          12             4         4          12             4         4          12             4         4          12             4         4          12             4         4          12             4         4         0
0           4           2            0           4           2 0           4           2 0           4           2 0           4           2 0           4           2 0           4           2 0           4           2 0
12             4         4            12             4         4          12             4         4          12             4         4          12             4         4          12             4         4          12             4         4          12             4         4         0

0           4           2            0           4           2    0           4           2    0           4           2    0           4           2    0           4           2    0           4           2    0           4           2        0  
0          12           4             0          12           4  0          12           4  0          12           4  0          12           4  0          12           4  0          12           4  0          12           4  0
1           0          0             1           0          0         1           0          0         1           0          0         1           0          0         1           0          0         1           0          0         1           0          0          1
1         2           4              1         2           4      1         2           4      1         2           4      1         2           4      1         2           4      1         2           4      1         2           4       1
0          9           5             0          9           5          0          9           5          0          9           5             0          9           5         0          9           5         0          9           5          0          9           5          0

1            0        0             1            0        0          1            0        0          1            0        0          1            0        0          1            0        0          1            0        0          1            0        0          1
1         6           4             1         6           4 1         6           4 1         6           4 1         6           4 1         6           4 1         6           4 1         6           4 1    
0         4          8              0         4          8           0         4          8           0         4          8           0         4          8           0         4          8           0         4          8           0         4          8            0   
6         4           4         6         4           4         6         4           4         6         4           4         6         4           4         6         4           4         6         4           4         6         4           4               0  
0         4           8             0         4           8     0         4           8     0         4           8     0         4           8     0         4           8     0         4           8     0         4           8      0
6         4          4    6         4          4    6         4          4    6         4          4    6         4          4    6         4          4    6         4          4    6         4          4     0
