     
       4         4           4              4           4           4         4             4            4          4              4         4           4              4           4           4         4             4            4          4          4         4           4              4           4           4         4             4            4          4          4         4           4              4           4           4         4             4            4          4          4         4           4              4           4           4         4             4            4          4          0


        5        1           0             5            9           0           5            1           0            5           5        1           0             5            9           0           5            1           0            5        5        1           0             5            9           0           5            1           0            5        5        1           0             5            9           0           5            1           0            5        5        1           0             5            9           0           5            1           0            5            1


        0        5              4           1           0            2         0              5         4          1            0        5              4           1           0            2         0              5         4          1      0        5              4           1           0            2         0              5         4          1      0        5              4           1           0            2         0              5         4          1      0        5              4           1           0            2         0              5         4          1        0  

       9        0            4            4           0            1            4          4            0           0           9        0            4            4           0            1            4          4            0           0       9        0            4            4           0            1            4          4            0           0       9        0            4            4           0            1            4          4            0           0       9        0            4            4           0            1            4          4            0           0           1 

       0         4          1            0            5             4          1           0           5            2            0         4          1            0            5             4          1           0           5            2     0         4          1            0            5             4          1           0           5            2     0         4          1            0            5             4          1           0           5            2     0         4          1            0            5             4          1           0           5            2      0

        4        5           5           4           5            5           5            4            5            5          4        5           5           4           5            5           5            4            5            5 4        5           5           4           5            5           5            4            5            5 4        5           5           4           5            5           5            4            5            5 4        5           5           4           5            5           5            4            5            5  0


    
 

