  



     

                            





12      4           4            4              4            4            4          4           4            4          4           4              4          4           4             4           4          4            4           4           4          12      4           4            4              4            4            4          4           4            4          4           4              4          4           4             4           4          4            4           4           4        0

  0         0             0         0             0            0           0           2           1            0            0          0              0          0             0           8           0          0           0            0            10         0         0             0         0             0            0           0           2           1            0            0          0              0          0             0           8           0          0           0            0            10   0

  2        0              0         11           0            0          10          0            1          0             0            0            0            0             0         0           0            0             0            0           0         2        0              0         11           0            0          10          0            1          0             0            0            0            0             0         0           0            0             0            0           0         0

  9        0            0             0           0           0           0            8            1          0             0           0             0           0            2           0          0            0            0            0          0          9        0            0             0           0           0           0            8            1          0             0           0             0           0            2           0          0            0            0            0          0    1

0           0           0             0           8           0            0           0            5           4            4          0             0            2          0           0          0            14          0            0           10        0           0           0             0           8           0            0           0            5           4            4          0             0            2          0           0          0            14          0            0           10   0

  10        0         0              0           4          15          0          0             0             4          0            1             0           0            0            0            0           0              0         0             0           10        0         0              0           4          15          0          0             0             4          0            1             0           0            0            0            0           0              0         0             0     0

 0            0           0            0          2          1          0             0            0            0           5             1            0         0             0           0            0           0           0           0            2         0            0           0            0          2          1          0             0            0            0           5             1            0         0             0           0            0           0           0           0            2    0

  0          1          0             0             0             0            0           0            0          0          5         1           0             0          0           8         0              0              0            0           9        0          1          0             0             0             0            0           0            0          0          5         1           0             0          0           8         0              0              0            0           9   0

 10          0          0          8            0           0            0            0           0           0           1         5        0                0           0          4        15           0              0            0            0          10          0          0          8            0           0            0            0           0           0           1         5        0                0           0          4        15           0              0            0            0    0

 0           0              0            4          0           0            0           0            0            0          5         4           4           8               0          2          1         0            0              0           10        0           0              0            4          0           0            0           0            0            0          5         4           4           8               0          2          1         0            0              0           10     0

 2         0               0          2           0            0           0          2               0            0            0            0            0          1         8          0           0            8         0            0           0           2         0               0          2           0            0           0          2               0            0            0            0            0          1         8          0           0            8         0            0           0        0

 9         0              0             0            0          8           2             0          0            0            0            0             0         1        0             0            0           0            0             0             0      9         0              0             0            0          8           2             0          0            0            0            0             0         1        0             0            0           0            0             0             0   1

 0               0             0            0            0           0          0           0             0           0           0            0             0         1        2         0            0          2          1          0         10          0               0             0            0            0           0          0           0             0           0           0            0             0         1        2         0            0          2          1          0         10       0

 6         4            4              4             4            4           4            4             4           4          4            4           4         7         4           4               4           4           4            4          4      6         4            4              4             4            4           4            4             4           4          4            4           4         7         4           4               4           4           4            4          4    0
