12          4             4           4           4             4           4            4           4            4            4            4           4            4           4           4              12          4             4           4           4             4           4            4           4            4            4            4           4            4           4           4                 12          4             4           4           4             4           4            4           4            4            4            4           4            4           4           4                0    

 
1            4             4           4           4             4           4            4           4            4            4            4           4            4           4           2               1            4             4           4           4             4           4            4           4            4            4            4           4            4           4           2      1            4             4           4           4             4           4            4           4            4            4            4           4            4           4           2   1


1            1             12        12          4             4           4            4           4            4            4           4            4            4           8           1               1            1             12        12          4             4           4            4           4            4            4           4            4            4           8           1      1            1             12        12          4             4           4            4           4            4            4           4            4            4           8           1       1


1            15           0           0           8             0           0            1           4            0            1             0          0            2           4           1               1            15           0           0           8             0           0            1           4            0            1             0          0            2           4           1     1            15           0           0           8             0           0            1           4            0            1             0          0            2           4           1     1


1           1              2           0           0             8           0            1           1            1            1            0           2            0           10         1               1           1              2           0           0             8           0            1           1            1            1            0           2            0           10         1    1           1              2           0           0             8           0            1           1            1            1            0           2            0           10         1    1


1           15           0            0          0              0           8            1           5            1            1            2           0            0           4           1              1           15           0            0          0              0           8            1           5            1            1            2           0            0           4           1    1           15           0            0          0              0           8            1           5            1            1            2           0            0           4           1       1    

1           1              4           4          4              4           4            5           4            4            7            4           4            4           10         1               1           1              4           4          4              4           4            5           4            4            7            4           4            4           10         1    1           1              4           4          4              4           4            5           4            4            7            4           4            4           10         1      1

1           15            4           4          4              4           4            13         4            4            4            4           4            4           4           1               1           15            4           4          4              4           4            13         4            4            4            4           4            4           4           1      1           15            4           4          4              4           4            13         4            4            4            4           4            4           4           1        1     

1            1            0           0           0               1          0            0            4           2            0            0            1           0           2           1                1            1            0           0           0               1          0            0            4           2            0            0            1           0           2           1     1            1            0           0           0               1          0            0            4           2            0            0            1           0           2           1     1


1           15            0          0           0              1           0            4           4           4             8            0           1            0           4           1               1           15            0          0           0              1           0            4           4           4             8            0           1            0           4           1    1           15            0          0           0              1           0            4           4           4             8            0           1            0           4           1          1


1           1             0             0         0             1            2            0           0             0           0            8           1            0           2           1                1           1             0             0         0             1            2            0           0             0           0            8           1            0           2           1    1           1             0             0         0             1            2            0           0             0           0            8           1            0           2           1       1    



1           15          0             0          0             7            4            4           4           4             4            4           1           10           4           1              1           15          0             0          0             7            4            4           4           4             4            4           1           10           4           1    1           15          0             0          0             7            4            4           4           4             4            4           1           10           4           1    1

1          1             6          4             4            4            4              4            4        4              4            4            4          4            2           1                1          1             6          4             4            4            4              4            4        4              4            4            4          4            2           1    1          1             6          4             4            4            4              4            4        4              4            4            4          4            2           1     1    




1           5            4            4           4             4           4             4           4           4             4            4            4           4           4           9                1           5            4            4           4             4           4             4           4           4             4            4            4           4           4           9      1           5            4            4           4             4           4             4           4           4             4            4            4           4           4           9     1

7          4             4            4           4              4          4             4           4          4              4            4             4          4           4           4              7          4             4            4           4              4          4             4           4          4              4            4             4          4           4           4    7          4             4            4           4              4          4             4           4          4              4            4             4          4           4           4   1

   
