            12          4           4          4             4            4             4           4            4           4           12          4           4          4             4            4             4           4            4           4      12          4           4          4             4            4             4           4            4           4      12          4           4          4             4            4             4           4            4           4      12          4           4          4             4            4             4           4            4           4         0

            0             0          5          0             13          4             1           4            1          2            0             0          5          0             13          4             1           4            1          2   0             0          5          0             13          4             1           4            1          2   0             0          5          0             13          4             1           4            1          2      0             0          5          0             13          4             1           4            1          2     0   

            0            5           0          5             0            3             4           1             12        1           0            5           0          5             0            3             4           1             12        1           0            5           0          5             0            3             4           1             12        1           0            5           0          5             0            3             4           1             12        1           0            5           0          5             0            3             4           1             12        1               0

            0           3            0           0            5            4             1           0            0           1           0           3            0           0            5            4             1           0            0           1       0           3            0           0            5            4             1           0            0           1      0           3            0           0            5            4             1           0            0           1        0           3            0           0            5            4             1           0            0           1         0
           0             1           0          4            4             4             12         8           0            1           0             1           0          4            4             4             12         8           0            1  0             1           0          4            4             4             12         8           0            1  0             1           0          4            4             4             12         8           0            1  0             1           0          4            4             4             12         8           0            1  0

           0             5           2          2            8             0             0           8            4           1           0             5           2          2            8             0             0           8            4           1            0             5           2          2            8             0             0           8            4           1            0             5           2          2            8             0             0           8            4           1               0             5           2          2            8             0             0           8            4           1            0

             0           0           3          0            4             15           0            0           1           0           0           0           3          0            4             15           0            0           1           0       0           0           3          0            4             15           0            0           1           0       0           0           3          0            4             15           0            0           1           0       0           0           3          0            4             15           0            0           1           0         0

           0            0            9           0            2            0             0           0            1           0            0            0            9           0            2            0             0           0            1           0        0            0            9           0            2            0             0           0            1           0        0            0            9           0            2            0             0           0            1           0        0            0            9           0            2            0             0           0            1           0        0
          4              4          4             4           4           4                4          6          4           4             4              4          4             4           4           4                4          6          4           4            4              4          4             4           4           4                4          6          4           4           4              4          4             4           4           4                4          6          4           4           4              4          4             4           4           4                4          6          4           4               0

   
