     4         4              4             4           4            4            4           4            4            4          4          4         4              4             4           4            4            4           4            4            4          4    4         4              4             4           4            4            4           4            4            4          4    4         4              4             4           4            4            4           4            4            4          4     0

     1         8            0               4             4            4            4           4          8            0         0            1         8            0               4             4            4            4           4          8            0         0      1         8            0               4             4            4            4           4          8            0         0      1         8            0               4             4            4            4           4          8            0         0      1

      1         4           15           0           8             0            0          8           4            15          0            1         4           15           0           8             0            0          8           4            15          0       1         4           15           0           8             0            0          8           4            15          0       1         4           15           0           8             0            0          8           4            15          0      1

     1         2           1              2          0            4           2            0          10           1            0           1         2           1              2          0            4           2            0          10           1            0     1         2           1              2          0            4           2            0          10           1            0     1         2           1              2          0            4           2            0          10           1            0      1

     1           1       10           0            12           4             4         0            0           0          1              1           1       10           0            12           4             4         0            0           0          1       1           1       10           0            12           4             4         0            0           0          1       1           1       10           0            12           4             4         0            0           0          1        1

     1          1          0           0             1          4            2           1           2            0            1            1          1          0           0             1          4            2           1           2            0            1    1          1          0           0             1          4            2           1           2            0            1    1          1          0           0             1          4            2           1           2            0            1   1

     1          1             0          1          1            5          9           1            9             0             1              1          1             0          1          1            5          9           1            9             0             1      1          1             0          1          1            5          9           1            9             0             1      1          1             0          1          1            5          9           1            9             0             1    1

    1            1           10          0          7           4            4            1         0          0             1              1            1           10          0          7           4            4            1         0          0             1     1            1           10          0          7           4            4            1         0          0             1     1            1           10          0          7           4            4            1         0          0             1     1

    1            9             0              8           0           4          8            0          10             0          1         1            9             0              8           0           4          8            0          10             0          1  1            9             0              8           0           4          8            0          10             0          1  1            9             0              8           0           4          8            0          10             0          1  1

     1          4            15            0            2         0             0           2           4           15         0            1          4            15            0            2         0             0           2           4           15         0     1          4            15            0            2         0             0           2           4           15         0     1          4            15            0            2         0             0           2           4           15         0   1

     1         2          1              4            4            4          4          4             2            1          0           1         2          1              4            4            4          4          4             2            1          0   1         2          1              4            4            4          4          4             2            1          0   1         2          1              4            4            4          4          4             2            1          0  1

     5         4            4             4           4            4           4             4              4           4         4         5         4            4             4           4            4           4             4              4           4         4      5         4            4             4           4            4           4             4              4           4         4      5         4            4             4           4            4           4             4              4           4         4      1

