

                            12            4            4            4            4          4            4            12                               12            4            4            4            4          4            4            12                            12            4            4            4            4          4            4            12                            12            4            4            4            4          4            4            12                            12            4            4            4            4          4            4            12                            12            4            4            4            4          4            4            12        0


                            8             4             0            4            0           6           0            4            8             4             0            4            0           6           0            4        8             4             0            4            0           6           0            4        8             4             0            4            0           6           0            4        8             4             0            4            0           6           0            4        8             4             0            4            0           6           0            4          0

                            1             0             1            5            5           0           1            11          1             0             1            5            5           0           1            11     1             0             1            5            5           0           1            11     1             0             1            5            5           0           1            11     1             0             1            5            5           0           1            11     1             0             1            5            5           0           1            11      1

                            15           1             5            0            5           1           5            8            15           1             5            0            5           1           5            8      15           1             5            0            5           1           5            8      15           1             5            0            5           1           5            8      15           1             5            0            5           1           5            8      15           1             5            0            5           1           5            8       1

                            4             4             6              4         4           4           4         4                              4             4             6              4         4           4           4         4                          4             4             6              4         4           4           4         4                          4             4             6              4         4           4           4         4                          4             4             6              4         4           4           4         4                          4             4             6              4         4           4           4         4          0

